0	907	2147	220	40
1	906	2132	219	40
2	2147	800	220	40
3	1372	473	1926	40
4	1373	474	1927	40
5	1376	477	1929	40
6	1377	478	1931	40
7	2132	799	219	40
8	473	2079	1926	40
9	474	2080	1927	40
10	477	2077	1929	40
11	478	2078	1931	40
12	725	1042	2049	40
13	2049	1042	390	40
14	1954	831	1414	40
15	732	1554	1078	40
16	733	1555	1079	40
17	791	1719	1000	40
18	793	1720	1002	40
19	792	1721	1001	40
20	794	1722	1003	40
21	788	1836	1010	40
22	905	1932	1029	40
23	904	1913	1030	40
24	335	831	1954	40
25	1719	207	1000	40
26	1720	209	1002	40
27	1721	208	1001	40
28	1722	210	1003	40
29	1554	380	1078	40
30	1555	381	1079	40
31	1155	430	1811	40
32	1836	182	1010	40
33	705	1066	1630	40
34	1932	501	1029	40
35	1913	500	1030	40
36	1447	163	625	40
37	625	163	1129	40
38	1828	1000	448	40
39	845	1000	1828	40
40	1829	1002	449	40
41	847	1002	1829	40
42	1831	1003	451	40
43	848	1003	1831	40
44	887	1563	1433	40
45	463	1172	1095	40
46	2156	998	413	40
47	2157	999	414	40
48	365	967	966	40
49	481	966	967	40
50	422	640	1355	40
51	423	641	1356	40
52	165	1262	841	40
53	984	1434	2097	40
54	384	946	730	40
55	230	687	937	40
56	174	1434	984	40
57	250	660	1116	40
58	392	843	805	40
59	818	1407	1185	40
60	819	1408	1186	40
61	257	881	980	40
62	432	980	881	40
63	258	882	981	40
64	433	981	882	40
65	1630	1066	499	40
66	379	677	1569	40
67	413	1400	857	40
68	414	1401	858	40
69	337	963	789	40
70	338	964	790	40
71	213	1092	689	40
72	399	689	1092	40
73	215	691	1091	40
74	401	1091	691	40
75	216	692	1093	40
76	402	1093	692	40
77	400	1094	695	40
78	329	833	949	40
79	392	949	833	40
80	329	949	685	40
81	293	1779	1019	40
82	198	759	1668	40
83	359	710	1311	40
84	337	807	963	40
85	338	808	964	40
86	336	957	765	40
87	938	998	2156	40
88	939	999	2157	40
89	289	778	1119	40
90	319	1454	672	40
91	320	1455	674	40
92	371	1457	675	40
93	376	1009	1191	40
94	377	1010	1192	40
95	1050	1462	1391	40
96	420	1171	786	40
97	337	789	1944	40
98	338	790	1945	40
99	251	1415	871	40
100	293	1019	1308	40
101	336	887	1433	40
102	765	1155	1811	40
103	360	982	676	40
104	350	847	1046	40
105	351	848	1047	40
106	346	845	1048	40
107	347	846	1049	40
108	413	978	1400	40
109	414	979	1401	40
110	350	1046	1989	40
111	351	1047	1990	40
112	346	1048	1991	40
113	347	1049	1993	40
114	789	1537	1944	40
115	790	1538	1945	40
116	1752	677	379	40
117	422	1319	640	40
118	423	1320	641	40
119	609	1225	1300	40
120	610	1226	1301	40
121	356	937	1800	40
122	431	1069	802	40
123	176	802	1069	40
124	440	937	854	40
125	706	1489	1067	40
126	707	1490	1068	40
127	571	1348	2049	40
128	289	1037	778	40
129	409	778	1037	40
130	410	779	1038	40
131	290	1038	779	40
132	291	780	1036	40
133	411	1036	780	40
134	292	781	1039	40
135	412	1039	781	40
136	361	797	1710	40
137	362	798	1711	40
138	1489	500	1067	40
139	1490	501	1068	40
140	841	1262	1709	40
141	1044	2016	1529	40
142	894	2050	1237	40
143	893	2051	1238	40
144	895	1239	2052	40
145	896	1240	2053	40
146	687	1800	937	40
147	376	1191	938	40
148	377	1192	939	40
149	336	809	957	40
150	588	1668	759	40
151	797	1368	1710	40
152	798	1369	1711	40
153	486	894	1237	40
154	487	893	1238	40
155	488	1239	895	40
156	489	1240	896	40
157	207	974	1000	40
158	209	975	1002	40
159	208	976	1001	40
160	210	977	1003	40
161	251	1210	1415	40
162	380	1800	687	40
163	381	1801	688	40
164	566	1654	711	40
165	282	711	1654	40
166	441	906	1012	40
167	442	907	1013	40
168	421	1885	1922	40
169	330	1636	686	40
170	597	1484	897	40
171	598	1485	898	40
172	386	659	1556	40
173	303	661	1558	40
174	304	662	1559	40
175	421	1922	855	40
176	1818	40	41	40
177	1820	79	80	40
178	1814	157	158	40
179	1815	118	119	40
180	122	123	1816	40
181	83	84	1819	40
182	6	1813	5	40
183	44	45	1817	40
184	597	1670	1484	40
185	705	1685	1066	40
186	443	1229	832	40
187	245	1300	1225	40
188	246	1301	1226	40
189	540	1312	998	40
190	541	1313	999	40
191	581	1571	795	40
192	2154	955	339	40
193	2155	956	340	40
194	401	1125	696	40
195	402	1126	697	40
196	399	694	1123	40
197	400	695	1124	40
198	537	1462	1050	40
199	205	1044	1529	40
200	998	1312	1773	40
201	999	1313	1774	40
202	742	955	2154	40
203	743	956	2155	40
204	1685	495	1066	40
205	438	789	1106	40
206	439	790	1108	40
207	869	1493	2067	40
208	371	675	1245	40
209	571	1804	1348	40
210	498	1463	704	40
211	366	1241	1916	40
212	367	1242	1917	40
213	448	1000	974	40
214	449	1002	975	40
215	450	1001	976	40
216	451	1003	977	40
217	189	778	1005	40
218	409	1005	778	40
219	410	1006	779	40
220	190	779	1006	40
221	191	1007	780	40
222	411	780	1007	40
223	192	1008	781	40
224	412	781	1008	40
225	598	1781	1485	40
226	105	953	1336	40
227	144	952	1335	40
228	19	1337	950	40
229	58	1338	951	40
230	821	40	1818	40
231	825	79	1820	40
232	820	157	1814	40
233	823	118	1815	40
234	1816	123	824	40
235	1819	84	827	40
236	822	1813	6	40
237	1817	45	826	40
238	812	2173	996	40
239	617	1786	986	40
240	249	1227	745	40
241	453	745	1227	40
242	419	1180	785	40
243	177	1070	1319	40
244	640	1319	1070	40
245	178	1071	1320	40
246	641	1320	1071	40
247	356	854	937	40
248	185	1185	1407	40
249	187	1186	1408	40
250	287	1920	712	40
251	288	1921	713	40
252	359	983	710	40
253	368	1147	745	40
254	295	1130	668	40
255	296	1131	670	40
256	298	1132	671	40
257	416	996	2173	40
258	225	1127	722	40
259	370	1456	1625	40
260	556	1493	869	40
261	420	676	1171	40
262	583	864	1159	40
263	584	865	1158	40
264	586	866	1160	40
265	214	748	1254	40
266	924	1606	1807	40
267	301	1255	747	40
268	303	749	1256	40
269	304	750	1257	40
270	2069	1107	274	40
271	2070	1109	275	40
272	300	1823	828	40
273	600	817	1432	40
274	241	1863	742	40
275	243	1864	743	40
276	714	1989	1046	40
277	715	1990	1047	40
278	716	1991	1048	40
279	719	1993	1049	40
280	252	1156	662	40
281	336	1534	887	40
282	603	887	1534	40
283	250	1827	660	40
284	252	662	1826	40
285	742	1916	1241	40
286	743	1917	1242	40
287	795	1571	2191	40
288	333	915	841	40
289	818	1107	2069	40
290	819	1109	2070	40
291	180	1009	787	40
292	403	1136	1096	40
293	565	1096	1136	40
294	303	1239	661	40
295	304	1240	662	40
296	1557	302	1094	40
297	748	1557	1094	40
298	386	1363	659	40
299	356	1321	854	40
300	198	1564	759	40
301	438	818	1185	40
302	439	819	1186	40
303	585	799	1622	40
304	704	1463	1580	40
305	290	1315	891	40
306	541	891	1315	40
307	735	1782	1085	40
308	737	1783	1086	40
309	738	1784	1087	40
310	741	1785	1088	40
311	1080	1592	1792	40
312	474	1373	767	40
313	475	768	1374	40
314	478	1377	771	40
315	479	772	1378	40
316	480	773	1379	40
317	1782	169	1085	40
318	1783	170	1086	40
319	1784	171	1087	40
320	1785	172	1088	40
321	199	1121	673	40
322	766	1907	1372	40
323	769	1375	1904	40
324	770	1905	1376	40
325	382	728	1782	40
326	383	729	1783	40
327	384	730	1784	40
328	385	731	1785	40
329	360	676	1777	40
330	476	1904	1375	40
331	477	1376	1905	40
332	473	1372	1907	40
333	438	1107	818	40
334	439	1109	819	40
335	1846	1022	518	40
336	1847	1023	519	40
337	502	1491	911	40
338	503	1492	912	40
339	1349	1846	518	40
340	1350	1847	519	40
341	828	1823	1567	40
342	211	1620	857	40
343	212	1621	858	40
344	2062	1769	942	40
345	1770	943	2063	40
346	2065	1772	945	40
347	380	687	1464	40
348	531	917	1053	40
349	532	918	1054	40
350	313	1053	917	40
351	314	1054	918	40
352	498	704	1065	40
353	213	704	1580	40
354	215	1582	706	40
355	216	1583	707	40
356	105	106	953	40
357	144	145	952	40
358	18	19	950	40
359	57	58	951	40
360	295	668	1202	40
361	296	670	1204	40
362	298	671	1205	40
363	419	710	1180	40
364	365	805	1790	40
365	169	2062	942	40
366	943	170	2063	40
367	172	2065	945	40
368	683	278	1416	40
369	867	1487	2073	40
370	868	1488	2074	40
371	282	1148	711	40
372	235	1048	845	40
373	236	1049	846	40
374	239	1046	847	40
375	240	1047	848	40
376	379	804	1752	40
377	502	911	1512	40
378	503	912	1513	40
379	557	1487	867	40
380	558	1488	868	40
381	381	688	1440	40
382	717	900	1995	40
383	344	1995	900	40
384	720	901	1996	40
385	345	1996	901	40
386	718	902	1992	40
387	348	1992	902	40
388	721	903	1994	40
389	349	1994	903	40
390	380	810	1800	40
391	381	811	1801	40
392	431	802	1041	40
393	305	764	1876	40
394	397	957	809	40
395	799	2132	1622	40
396	299	1285	761	40
397	199	673	1219	40
398	319	672	1232	40
399	320	674	1233	40
400	513	1838	1358	40
401	514	1839	1359	40
402	778	1465	1119	40
403	420	1261	676	40
404	352	1606	924	40
405	566	711	1607	40
406	457	965	925	40
407	353	925	965	40
408	221	1797	867	40
409	223	1798	868	40
410	465	841	1844	40
411	395	963	807	40
412	396	964	808	40
413	183	726	1030	40
414	184	727	1029	40
415	224	1799	869	40
416	59	60	813	40
417	20	21	814	40
418	103	104	816	40
419	142	143	815	40
420	513	1024	1838	40
421	514	1025	1839	40
422	805	843	1790	40
423	682	2067	1493	40
424	434	783	1151	40
425	436	1153	785	40
426	435	784	1152	40
427	437	1154	786	40
428	1885	278	683	40
429	204	913	1734	40
430	259	1270	948	40
431	548	948	1270	40
432	583	797	1663	40
433	361	1663	797	40
434	362	1664	798	40
435	584	798	1664	40
436	586	800	1665	40
437	403	1518	1284	40
438	359	948	908	40
439	548	908	948	40
440	357	954	1043	40
441	459	1043	954	40
442	789	2192	1106	40
443	790	2193	1108	40
444	539	759	1564	40
445	393	699	1723	40
446	1175	1724	1708	40
447	673	1625	1456	40
448	392	1633	698	40
449	393	1634	699	40
450	764	1305	1876	40
451	399	1974	689	40
452	401	691	1976	40
453	402	692	1977	40
454	230	2104	687	40
455	913	1997	1734	40
456	392	698	1623	40
457	341	1070	1696	40
458	342	1071	1697	40
459	458	880	1128	40
460	403	1096	1518	40
461	388	995	1489	40
462	211	1427	1620	40
463	212	1428	1621	40
464	507	1155	1122	40
465	530	1028	1339	40
466	456	863	1150	40
467	867	1797	1663	40
468	868	1798	1664	40
469	403	1284	1450	40
470	1915	1157	354	40
471	869	1799	1665	40
472	483	861	1521	40
473	300	828	2082	40
474	730	946	2145	40
475	341	1805	1070	40
476	342	1806	1071	40
477	484	1252	871	40
478	251	871	1252	40
479	841	915	1844	40
480	379	1302	804	40
481	329	685	1349	40
482	330	686	1350	40
483	555	744	1787	40
484	588	759	1780	40
485	294	1780	759	40
486	213	689	1691	40
487	215	1693	691	40
488	216	1694	692	40
489	568	1412	1841	40
490	443	831	1146	40
491	225	1146	831	40
492	829	1181	1779	40
493	830	1182	1780	40
494	995	1394	1489	40
495	399	1255	694	40
496	401	696	1256	40
497	402	697	1257	40
498	227	1083	712	40
499	228	1084	713	40
500	463	1077	997	40
501	404	997	1077	40
502	467	842	989	40
503	718	1929	2077	40
504	721	1931	2078	40
505	717	1926	2079	40
506	720	1927	2080	40
507	245	917	1300	40
508	246	918	1301	40
509	531	1300	917	40
510	532	1301	918	40
511	832	1229	1624	40
512	742	1863	955	40
513	743	1864	956	40
514	380	1343	810	40
515	381	1344	811	40
516	488	1187	1210	40
517	618	1210	1187	40
518	489	1188	1211	40
519	619	1211	1188	40
520	487	1212	1190	40
521	617	1190	1212	40
522	899	1157	1915	40
523	712	1920	935	40
524	713	1921	936	40
525	213	1684	704	40
526	215	706	1686	40
527	216	707	1687	40
528	440	1095	1172	40
529	181	1261	686	40
530	213	1580	747	40
531	214	1581	748	40
532	215	749	1582	40
533	216	750	1583	40
534	181	686	1260	40
535	386	1556	747	40
536	387	1557	748	40
537	303	1558	749	40
538	304	1559	750	40
539	600	1432	1834	40
540	725	2049	1348	40
541	786	1171	1573	40
542	227	712	2124	40
543	228	713	2125	40
544	860	1832	1235	40
545	303	2052	1239	40
546	304	2053	1240	40
547	302	1238	2051	40
548	301	1237	2050	40
549	352	1385	2020	40
550	344	1266	926	40
551	521	926	1266	40
552	345	1267	927	40
553	523	927	1267	40
554	525	930	1268	40
555	348	1268	930	40
556	349	1269	931	40
557	527	931	1269	40
558	214	1685	1581	40
559	182	782	1139	40
560	307	751	1194	40
561	309	752	1196	40
562	308	753	1195	40
563	310	754	1197	40
564	560	1518	972	40
565	389	919	1263	40
566	1779	1181	587	40
567	1780	1182	588	40
568	261	1057	844	40
569	1749	186	1234	40
570	424	755	1700	40
571	425	756	1701	40
572	426	1698	757	40
573	427	1699	758	40
574	854	1321	1613	40
575	583	1159	1728	40
576	584	1158	1729	40
577	586	1160	1731	40
578	187	1781	1186	40
579	297	2145	946	40
580	807	1934	1258	40
581	808	1935	1259	40
582	800	2147	1665	40
583	163	732	1078	40
584	611	1080	1792	40
585	403	838	1136	40
586	164	733	1079	40
587	458	1128	1215	40
588	844	1057	2168	40
589	589	1768	787	40
590	180	787	1768	40
591	382	1782	2042	40
592	383	1783	2043	40
593	385	1785	2045	40
594	217	797	1436	40
595	218	798	1437	40
596	219	799	1438	40
597	220	800	1439	40
598	415	2168	1057	40
599	359	1311	1707	40
600	353	965	1752	40
601	677	1752	965	40
602	205	803	1933	40
603	1934	161	1258	40
604	1935	162	1259	40
605	642	1450	1284	40
606	360	972	861	40
607	384	1784	2044	40
608	252	1211	958	40
609	496	1036	1112	40
610	411	1112	1036	40
611	497	1039	1113	40
612	412	1113	1039	40
613	409	1037	1110	40
614	494	1110	1037	40
615	410	1038	1111	40
616	495	1111	1038	40
617	463	997	1172	40
618	268	1508	1601	40
619	461	1081	1058	40
620	462	1082	1059	40
621	391	1076	812	40
622	535	1253	958	40
623	252	958	1253	40
624	861	972	1521	40
625	416	722	2009	40
626	803	2020	1385	40
627	404	764	2210	40
628	1832	343	1235	40
629	440	1172	937	40
630	280	1050	1026	40
631	460	1026	1050	40
632	313	1409	1053	40
633	628	1053	1409	40
634	314	1410	1054	40
635	629	1054	1410	40
636	352	870	1385	40
637	183	1727	726	40
638	369	986	1786	40
639	188	1166	801	40
640	430	801	1166	40
641	227	1106	2192	40
642	228	1108	2193	40
643	184	1732	727	40
644	205	1900	803	40
645	832	1749	1234	40
646	1643	387	1139	40
647	782	1643	1139	40
648	617	986	1681	40
649	376	1968	1009	40
650	787	1009	1968	40
651	377	1969	1010	40
652	788	1010	1969	40
653	555	1678	744	40
654	366	1713	1241	40
655	367	1714	1242	40
656	450	846	1001	40
657	253	998	938	40
658	254	999	939	40
659	1045	1887	1350	40
660	232	1228	1089	40
661	573	1089	1228	40
662	363	1622	2132	40
663	2212	1167	444	40
664	2213	1168	445	40
665	690	1254	1975	40
666	165	841	1298	40
667	465	1298	841	40
668	167	842	1299	40
669	467	1299	842	40
670	323	774	1140	40
671	324	775	1141	40
672	297	2191	1571	40
673	213	747	1092	40
674	215	1091	749	40
675	216	1093	750	40
676	386	1580	1463	40
677	419	1325	710	40
678	277	1733	885	40
679	627	1724	1175	40
680	577	1807	1606	40
681	335	1446	831	40
682	568	1841	1033	40
683	567	1840	1032	40
684	569	1034	1842	40
685	570	1035	1843	40
686	686	1636	1260	40
687	411	1007	1144	40
688	409	1142	1005	40
689	410	1143	1006	40
690	412	1008	1145	40
691	330	1350	1887	40
692	289	890	1037	40
693	494	1037	890	40
694	291	1036	888	40
695	496	888	1036	40
696	290	891	1038	40
697	495	1038	891	40
698	292	1039	889	40
699	497	889	1039	40
700	567	1655	1840	40
701	569	1842	1656	40
702	570	1843	1657	40
703	269	1509	1307	40
704	387	1643	1557	40
705	620	1529	2016	40
706	276	1658	1493	40
707	680	1183	1878	40
708	413	857	2156	40
709	414	858	2157	40
710	456	1150	1214	40
711	287	712	1510	40
712	288	713	1511	40
713	400	1975	1254	40
714	453	1120	745	40
715	426	757	1198	40
716	427	758	1199	40
717	361	1501	867	40
718	557	867	1501	40
719	362	1502	868	40
720	558	868	1502	40
721	678	1631	1395	40
722	679	1632	1396	40
723	803	1381	1933	40
724	856	1236	1865	40
725	907	1405	1013	40
726	906	1404	1012	40
727	471	1282	1460	40
728	920	2088	1162	40
729	921	2091	1163	40
730	923	2093	1165	40
731	382	1159	728	40
732	383	1158	729	40
733	385	1160	731	40
734	484	871	1121	40
735	319	1897	1454	40
736	320	1898	1455	40
737	698	2073	1487	40
738	699	2074	1488	40
739	492	1335	952	40
740	493	1336	953	40
741	490	950	1337	40
742	491	951	1338	40
743	424	1206	755	40
744	425	1207	756	40
745	226	1122	1155	40
746	257	1058	1081	40
747	258	1059	1082	40
748	163	916	1406	40
749	864	1797	1757	40
750	865	1798	1759	40
751	474	767	1908	40
752	475	1903	768	40
753	319	1905	770	40
754	478	771	1906	40
755	479	1901	772	40
756	480	1902	773	40
757	866	1799	1761	40
758	307	1998	822	40
759	635	822	1998	40
760	636	2000	823	40
761	308	823	2000	40
762	637	826	1999	40
763	309	1999	826	40
764	310	2001	827	40
765	638	827	2001	40
766	1123	1530	1974	40
767	1124	1531	1975	40
768	1125	1976	1532	40
769	1126	1977	1533	40
770	176	1069	796	40
771	416	1273	722	40
772	281	1553	996	40
773	620	996	1553	40
774	203	806	2048	40
775	390	844	1031	40
776	222	1767	859	40
777	261	844	1138	40
778	249	745	1147	40
779	968	1167	2212	40
780	969	1168	2213	40
781	485	919	1156	40
782	705	1581	1685	40
783	579	864	1757	40
784	580	865	1759	40
785	838	1503	1136	40
786	582	866	1761	40
787	1865	1236	340	40
788	2088	405	1162	40
789	2091	407	1163	40
790	2093	408	1165	40
791	225	722	1273	40
792	471	1460	1090	40
793	763	1137	1669	40
794	1669	1137	173	40
795	672	1120	2034	40
796	521	751	1584	40
797	307	1584	751	40
798	523	752	1586	40
799	309	1586	752	40
800	525	753	1585	40
801	308	1585	753	40
802	527	754	1587	40
803	310	1587	754	40
804	219	1438	1955	40
805	220	1439	1956	40
806	507	1097	1155	40
807	494	1065	1684	40
808	704	1684	1065	40
809	496	1686	1067	40
810	706	1067	1686	40
811	497	1687	1068	40
812	707	1068	1687	40
813	274	1017	1063	40
814	456	1063	1017	40
815	275	1018	1064	40
816	458	1064	1018	40
817	169	942	1085	40
818	170	943	1086	40
819	171	944	1087	40
820	172	945	1088	40
821	370	2138	1456	40
822	371	2139	1457	40
823	695	1094	2051	40
824	748	1094	1254	40
825	160	812	1076	40
826	217	1436	1962	40
827	218	1437	1963	40
828	547	2027	725	40
829	295	1159	864	40
830	296	1158	865	40
831	298	1160	866	40
832	747	1255	1092	40
833	749	1091	1256	40
834	750	1093	1257	40
835	547	725	1348	40
836	229	1150	761	40
837	417	2208	783	40
838	418	2209	784	40
839	441	1176	906	40
840	419	785	2199	40
841	420	786	2200	40
842	379	1605	1678	40
843	791	1614	1194	40
844	1614	522	1194	40
845	793	1616	1196	40
846	1616	526	1196	40
847	1615	524	1195	40
848	792	1615	1195	40
849	794	1617	1197	40
850	1617	528	1197	40
851	185	1670	1185	40
852	201	2102	762	40
853	368	745	1570	40
854	785	1180	1572	40
855	327	1519	839	40
856	545	839	1519	40
857	328	1520	840	40
858	546	840	1520	40
859	766	1372	2108	40
860	767	1373	2109	40
861	768	2110	1374	40
862	769	2111	1375	40
863	770	1376	2112	40
864	771	1377	2113	40
865	772	2114	1378	40
866	773	2115	1379	40
867	521	1266	751	40
868	523	1267	752	40
869	525	1268	753	40
870	527	1269	754	40
871	436	785	1572	40
872	437	786	1573	40
873	55	56	993	40
874	16	17	992	40
875	146	147	990	40
876	107	108	991	40
877	386	747	1580	40
878	387	748	1581	40
879	533	1433	1563	40
880	398	1367	761	40
881	563	1554	1061	40
882	564	1555	1062	40
883	554	1357	1296	40
884	399	1123	1974	40
885	400	1124	1975	40
886	401	1976	1125	40
887	402	1977	1126	40
888	164	1725	733	40
889	257	1355	881	40
890	258	1356	882	40
891	1061	1554	2222	40
892	1062	1555	2223	40
893	301	747	1556	40
894	885	1733	1984	40
895	163	1406	732	40
896	358	2015	828	40
897	379	802	1605	40
898	765	2142	1155	40
899	630	885	1326	40
900	744	1678	1605	40
901	600	1875	817	40
902	214	1254	1692	40
903	681	1184	1764	40
904	241	742	1241	40
905	243	743	1242	40
906	330	1278	859	40
907	372	974	1470	40
908	373	975	1471	40
909	374	976	1472	40
910	375	977	1473	40
911	682	1493	1658	40
912	2048	429	1157	40
913	1085	2212	444	40
914	942	2212	1085	40
915	2213	445	1086	40
916	943	2213	1086	40
917	392	805	1726	40
918	404	1077	860	40
919	175	860	1077	40
920	530	1987	1028	40
921	422	2124	935	40
922	712	935	2124	40
923	423	2125	936	40
924	713	936	2125	40
925	179	1311	1325	40
926	710	1325	1311	40
927	640	1070	1805	40
928	641	1071	1806	40
929	592	1505	1013	40
930	609	1696	1070	40
931	610	1697	1071	40
932	785	1153	2199	40
933	786	1154	2200	40
934	181	1352	1261	40
935	331	834	1981	40
936	55	993	1753	40
937	16	992	1754	40
938	147	1755	990	40
939	108	1756	991	40
940	332	835	1980	40
941	332	1980	837	40
942	783	2208	1151	40
943	784	2209	1152	40
944	899	2048	1157	40
945	299	761	1574	40
946	177	1878	1183	40
947	160	2173	812	40
948	430	1155	1097	40
949	676	1261	1352	40
950	203	2048	899	40
951	2210	230	1172	40
952	997	2210	1172	40
953	548	1465	908	40
954	189	908	1465	40
955	1245	1986	1380	40
956	661	1825	1303	40
957	535	1245	1380	40
958	260	1339	1028	40
959	222	1922	1767	40
960	434	1628	783	40
961	435	1629	784	40
962	456	1214	1063	40
963	458	1215	1064	40
964	744	1314	1787	40
965	397	809	1340	40
966	690	1692	1254	40
967	273	1013	1505	40
968	508	1575	774	40
969	509	1576	775	40
970	13	1700	755	40
971	52	1701	756	40
972	150	757	1698	40
973	111	758	1699	40
974	389	1263	1490	40
975	225	831	1127	40
976	958	1211	1651	40
977	579	1758	851	40
978	329	851	1758	40
979	580	1760	852	40
980	331	852	1760	40
981	2158	1491	195	40
982	2159	1492	197	40
983	909	1575	1516	40
984	910	1576	1517	40
985	582	1762	853	40
986	272	1395	1631	40
987	273	1396	1632	40
988	260	972	1518	40
989	390	1138	844	40
990	364	1665	2147	40
991	965	1215	2172	40
992	404	2210	997	40
993	395	1014	1510	40
994	396	1015	1511	40
995	598	1186	1781	40
996	250	1309	994	40
997	539	994	1309	40
998	336	765	1534	40
999	183	836	1727	40
1000	294	759	1306	40
1001	315	1907	1888	40
1002	318	1891	1904	40
1003	13	755	1480	40
1004	52	756	1481	40
1005	150	1482	757	40
1006	111	1483	758	40
1007	201	762	1264	40
1008	184	837	1732	40
1009	430	2100	801	40
1010	380	1554	1343	40
1011	381	1555	1344	40
1012	398	761	1285	40
1013	291	1230	780	40
1014	292	1231	781	40
1015	202	1370	1283	40
1016	709	1283	1370	40
1017	813	1525	1338	40
1018	814	1524	1337	40
1019	815	1335	1522	40
1020	816	1336	1523	40
1021	549	1177	1014	40
1022	550	1178	1015	40
1023	539	1566	759	40
1024	551	941	1600	40
1025	331	1981	2054	40
1026	392	833	1633	40
1027	315	872	1907	40
1028	474	1908	873	40
1029	475	874	1903	40
1030	318	1904	875	40
1031	319	876	1905	40
1032	478	1906	877	40
1033	479	878	1901	40
1034	480	879	1902	40
1035	224	1618	835	40
1036	173	1243	941	40
1037	464	941	1243	40
1038	443	832	1234	40
1039	665	2097	1434	40
1040	440	832	1624	40
1041	417	783	1225	40
1042	418	784	1226	40
1043	392	1623	843	40
1044	880	1666	1128	40
1045	300	1792	1592	40
1046	229	761	1367	40
1047	371	1245	958	40
1048	272	1012	1448	40
1049	590	1448	1012	40
1050	191	780	1286	40
1051	192	781	1287	40
1052	250	994	1212	40
1053	230	937	1172	40
1054	59	813	1338	40
1055	20	814	1337	40
1056	143	1335	815	40
1057	104	1336	816	40
1058	203	1744	806	40
1059	457	1215	965	40
1060	404	1305	764	40
1061	434	950	1072	40
1062	435	951	1073	40
1063	490	1072	950	40
1064	491	1073	951	40
1065	436	1074	952	40
1066	492	952	1074	40
1067	437	1075	953	40
1068	493	953	1075	40
1069	545	1140	839	40
1070	546	1141	840	40
1071	911	1491	2158	40
1072	912	1492	2159	40
1073	323	1274	774	40
1074	324	1275	775	40
1075	460	1391	796	40
1076	176	796	1391	40
1077	376	2156	857	40
1078	377	2157	858	40
1079	579	851	1130	40
1080	580	852	1131	40
1081	582	853	1132	40
1082	188	801	1671	40
1083	560	972	1777	40
1084	355	905	2211	40
1085	305	1507	764	40
1086	680	1838	1183	40
1087	681	1839	1184	40
1088	683	1922	1885	40
1089	472	1251	1282	40
1090	354	904	2198	40
1091	432	881	2121	40
1092	432	2121	883	40
1093	433	882	2122	40
1094	433	2122	884	40
1095	227	1055	1106	40
1096	461	1106	1055	40
1097	228	1056	1108	40
1098	462	1108	1056	40
1099	319	770	1897	40
1100	470	1137	955	40
1101	501	1263	1029	40
1102	498	1065	1191	40
1103	499	1066	1192	40
1104	276	1849	862	40
1105	601	862	1849	40
1106	395	1510	1083	40
1107	396	1511	1084	40
1108	555	1042	1302	40
1109	206	1302	1042	40
1110	368	1960	1147	40
1111	403	1450	838	40
1112	174	1324	856	40
1113	190	1468	779	40
1114	189	1465	778	40
1115	276	862	1658	40
1116	508	774	1539	40
1117	509	775	1540	40
1118	916	1176	1406	40
1119	221	867	2073	40
1120	223	868	2074	40
1121	393	1981	1634	40
1122	710	983	1180	40
1123	587	1019	1779	40
1124	290	779	2066	40
1125	165	1312	1011	40
1126	540	1011	1312	40
1127	352	1174	870	40
1128	357	1043	1801	40
1129	688	1801	1043	40
1130	283	1142	1594	40
1131	689	1594	1142	40
1132	284	1143	1595	40
1133	690	1595	1143	40
1134	691	1144	1596	40
1135	285	1596	1144	40
1136	286	1597	1145	40
1137	692	1145	1597	40
1138	574	1442	1060	40
1139	182	1870	782	40
1140	635	1813	822	40
1141	636	823	1815	40
1142	637	1817	826	40
1143	638	1819	827	40
1144	334	2176	842	40
1145	672	1570	1120	40
1146	169	1782	1102	40
1147	728	1102	1782	40
1148	170	1783	1103	40
1149	729	1103	1783	40
1150	171	1784	1104	40
1151	730	1104	1784	40
1152	172	1785	1105	40
1153	731	1105	1785	40
1154	224	869	2067	40
1155	863	1574	1150	40
1156	491	1338	1525	40
1157	490	1337	1524	40
1158	492	1522	1335	40
1159	493	1523	1336	40
1160	312	1708	1724	40
1161	178	1764	1184	40
1162	470	1173	1137	40
1163	372	1470	1970	40
1164	373	1471	1971	40
1165	374	1472	1972	40
1166	375	1473	1973	40
1167	2150	1070	1183	40
1168	2151	1071	1184	40
1169	422	1355	1081	40
1170	423	1356	1082	40
1171	812	996	1413	40
1172	204	2189	913	40
1173	204	914	2189	40
1174	853	1762	2101	40
1175	277	885	1983	40
1176	630	1983	885	40
1177	226	1155	2142	40
1178	406	1164	922	40
1179	1007	1608	1144	40
1180	1008	1609	1145	40
1181	1005	1142	1610	40
1182	1006	1143	1611	40
1183	202	1136	1503	40
1184	346	2161	845	40
1185	347	2162	846	40
1186	350	2163	847	40
1187	351	2164	848	40
1188	609	1070	2150	40
1189	610	1071	2151	40
1190	581	795	1278	40
1191	534	995	1478	40
1192	438	1537	789	40
1193	439	1538	790	40
1194	421	855	2047	40
1195	231	2172	1215	40
1196	60	1222	813	40
1197	21	1221	814	40
1198	142	815	1223	40
1199	103	816	1224	40
1200	196	1120	1019	40
1201	453	1019	1120	40
1202	253	1191	1065	40
1203	254	1192	1066	40
1204	470	1114	1281	40
1205	472	1282	1115	40
1206	834	1634	1981	40
1207	782	1870	1116	40
1208	454	1116	1870	40
1209	379	1569	802	40
1210	460	796	1812	40
1211	174	856	1161	40
1212	466	1279	1117	40
1213	468	1118	1280	40
1214	393	1723	2187	40
1215	739	1955	1438	40
1216	740	1956	1439	40
1217	678	1395	1968	40
1218	679	1396	1969	40
1219	395	807	1258	40
1220	396	808	1259	40
1221	157	820	1329	40
1222	40	821	1333	40
1223	6	1327	822	40
1224	118	823	1330	40
1225	123	1331	824	40
1226	79	825	1334	40
1227	45	1328	826	40
1228	84	1332	827	40
1229	589	787	1395	40
1230	251	1303	1825	40
1231	507	1122	1057	40
1232	456	1365	863	40
1233	596	1307	1509	40
1234	574	1060	1044	40
1235	519	1045	1350	40
1236	431	1135	1069	40
1237	836	2054	1981	40
1238	206	804	1302	40
1239	831	1446	1127	40
1240	355	913	1149	40
1241	734	1962	1436	40
1242	736	1963	1437	40
1243	446	1087	944	40
1244	447	1088	945	40
1245	424	1700	1100	40
1246	425	1701	1101	40
1247	426	1098	1698	40
1248	427	1099	1699	40
1249	265	2199	1153	40
1250	266	2200	1154	40
1251	315	909	1516	40
1252	316	910	1517	40
1253	597	1185	1670	40
1254	711	1148	1718	40
1255	551	1669	941	40
1256	630	967	1790	40
1257	968	1970	1947	40
1258	969	1971	1949	40
1259	970	1972	1950	40
1260	971	1973	1953	40
1261	583	1728	797	40
1262	584	1729	798	40
1263	585	1730	799	40
1264	586	1731	800	40
1265	263	1151	2208	40
1266	264	1152	2209	40
1267	676	982	1171	40
1268	364	1635	869	40
1269	556	869	1635	40
1270	272	1061	1012	40
1271	441	1012	1061	40
1272	273	1062	1013	40
1273	442	1013	1062	40
1274	376	938	2156	40
1275	377	939	2157	40
1276	365	1790	967	40
1277	217	1368	797	40
1278	218	1369	798	40
1279	746	1666	1342	40
1280	176	1605	802	40
1281	459	801	1612	40
1282	744	1462	1314	40
1283	537	1314	1462	40
1284	352	924	1174	40
1285	737	2043	1783	40
1286	735	2042	1782	40
1287	741	2045	1785	40
1288	660	1557	1643	40
1289	233	968	1947	40
1290	234	969	1949	40
1291	237	970	1950	40
1292	238	971	1953	40
1293	131	132	985	40
1294	92	93	986	40
1295	31	32	987	40
1296	70	71	988	40
1297	235	1702	1048	40
1298	236	1703	1049	40
1299	239	1704	1046	40
1300	240	1705	1047	40
1301	459	1671	801	40
1302	717	2079	900	40
1303	720	2080	901	40
1304	718	2077	902	40
1305	721	2078	903	40
1306	379	1678	1302	40
1307	506	1080	1079	40
1308	164	1079	1080	40
1309	206	2032	804	40
1310	317	1512	911	40
1311	318	1513	912	40
1312	378	1381	803	40
1313	395	1083	963	40
1314	396	1084	964	40
1315	378	803	1385	40
1316	2047	363	1176	40
1317	916	2047	1176	40
1318	334	842	1886	40
1319	355	1149	905	40
1320	365	1392	805	40
1321	262	1060	1442	40
1322	306	1342	1666	40
1323	227	2124	1055	40
1324	228	2125	1056	40
1325	757	1890	1198	40
1326	758	1891	1199	40
1327	913	2189	1149	40
1328	354	1157	904	40
1329	182	1982	1010	40
1330	428	1149	2189	40
1331	299	1743	1285	40
1332	507	1004	1097	40
1333	302	2051	1094	40
1334	922	2089	2064	40
1335	184	1029	1263	40
1336	709	1833	1877	40
1337	279	1875	892	40
1338	600	892	1875	40
1339	604	1754	992	40
1340	605	1753	993	40
1341	606	990	1755	40
1342	607	991	1756	40
1343	458	1366	880	40
1344	738	2044	1784	40
1345	369	1271	1455	40
1346	337	1475	807	40
1347	338	1476	808	40
1348	336	1433	809	40
1349	722	1127	1850	40
1350	905	1029	2211	40
1351	481	967	1264	40
1352	201	1264	967	40
1353	357	1322	954	40
1354	329	1758	833	40
1355	331	1760	834	40
1356	224	835	1761	40
1357	332	1762	835	40
1358	312	1638	816	40
1359	892	2187	1723	40
1360	406	922	2064	40
1361	167	1778	1987	40
1362	455	818	2069	40
1363	457	819	2070	40
1364	392	1726	949	40
1365	440	1749	832	40
1366	312	816	1523	40
1367	160	973	2173	40
1368	904	1030	2198	40
1369	755	1206	1888	40
1370	756	1207	1889	40
1371	244	989	2058	40
1372	703	2058	989	40
1373	421	2047	916	40
1374	548	1119	1465	40
1375	417	1024	2208	40
1376	418	1025	2209	40
1377	391	812	1413	40
1378	236	846	1830	40
1379	419	2199	1022	40
1380	420	2200	1023	40
1381	211	1561	1343	40
1382	810	1343	1561	40
1383	212	1562	1344	40
1384	811	1344	1562	40
1385	828	2015	1290	40
1386	700	1713	1984	40
1387	508	1516	1575	40
1388	509	1517	1576	40
1389	360	861	1690	40
1390	268	1588	978	40
1391	575	978	1588	40
1392	269	1589	979	40
1393	576	979	1589	40
1394	461	1055	1081	40
1395	462	1056	1082	40
1396	549	1647	849	40
1397	550	1648	850	40
1398	259	966	1272	40
1399	481	1272	966	40
1400	674	1455	1271	40
1401	455	1407	818	40
1402	457	1408	819	40
1403	295	2143	1159	40
1404	296	2144	1158	40
1405	298	2146	1160	40
1406	415	1122	1619	40
1407	398	1236	856	40
1408	184	919	1402	40
1409	485	1402	919	40
1410	467	989	1280	40
1411	585	1443	946	40
1412	332	2101	1762	40
1413	190	861	1468	40
1414	483	1468	861	40
1415	470	1281	1357	40
1416	186	1613	2094	40
1417	333	841	1709	40
1418	595	1601	1508	40
1419	404	860	1235	40
1420	307	822	1584	40
1421	309	826	1586	40
1422	310	827	1587	40
1423	416	2009	996	40
1424	483	1028	1341	40
1425	633	1341	1028	40
1426	183	995	1364	40
1427	534	1364	995	40
1428	317	1198	1890	40
1429	318	1199	1891	40
1430	335	1600	941	40
1431	327	839	2005	40
1432	328	840	2006	40
1433	911	2158	2206	40
1434	912	2159	2207	40
1435	268	978	1508	40
1436	269	979	1509	40
1437	645	2064	2089	40
1438	358	828	1567	40
1439	603	1166	1362	40
1440	188	1362	1166	40
1441	135	1911	894	40
1442	96	1912	893	40
1443	28	895	1909	40
1444	67	896	1910	40
1445	233	1167	968	40
1446	234	1168	969	40
1447	237	1169	970	40
1448	446	970	1169	40
1449	447	971	1170	40
1450	238	1170	971	40
1451	221	1757	1797	40
1452	223	1759	1798	40
1453	235	920	1162	40
1454	239	921	1163	40
1455	236	922	1164	40
1456	240	923	1165	40
1457	224	1761	1799	40
1458	417	1183	1838	40
1459	418	1184	1839	40
1460	440	854	1749	40
1461	231	1215	1128	40
1462	308	1852	823	40
1463	391	1044	1060	40
1464	766	1888	1907	40
1465	769	1904	1891	40
1466	482	1262	1011	40
1467	165	1011	1262	40
1468	776	1747	1276	40
1469	777	1748	1277	40
1470	384	1730	946	40
1471	585	946	1730	40
1472	196	2034	1120	40
1473	163	1447	916	40
1474	315	1206	909	40
1475	316	1207	910	40
1476	315	1888	1206	40
1477	316	1889	1207	40
1478	317	911	1198	40
1479	318	912	1199	40
1480	259	1706	966	40
1481	906	1176	2132	40
1482	660	1643	1116	40
1483	498	1191	1009	40
1484	499	1192	1010	40
1485	443	1414	831	40
1486	183	1364	836	40
1487	468	1280	1384	40
1488	397	1193	957	40
1489	325	1276	1747	40
1490	326	1277	1748	40
1491	471	1161	956	40
1492	278	1885	1016	40
1493	549	849	1710	40
1494	550	850	1711	40
1495	455	1174	924	40
1496	432	883	1286	40
1497	433	884	1287	40
1498	466	1393	1279	40
1499	881	1355	1805	40
1500	882	1356	1806	40
1501	280	1097	1004	40
1502	184	1402	837	40
1503	909	2178	2148	40
1504	910	2179	2149	40
1505	554	1173	1357	40
1506	604	992	1151	40
1507	605	993	1152	40
1508	606	1153	990	40
1509	607	1154	991	40
1510	235	845	1828	40
1511	450	1830	846	40
1512	239	847	1829	40
1513	240	848	1831	40
1514	1122	2056	1619	40
1515	244	1280	989	40
1516	193	839	2023	40
1517	194	840	2024	40
1518	725	2027	1042	40
1519	666	2206	2158	40
1520	667	2207	2159	40
1521	332	837	1652	40
1522	529	1957	1688	40
1523	575	1400	978	40
1524	576	1401	979	40
1525	295	864	1866	40
1526	579	1866	864	40
1527	296	865	1867	40
1528	580	1867	865	40
1529	298	866	1868	40
1530	582	1868	866	40
1531	193	1458	839	40
1532	194	1459	840	40
1533	329	2007	851	40
1534	597	897	1944	40
1535	598	898	1945	40
1536	167	1461	842	40
1537	398	856	1324	40
1538	174	984	1324	40
1539	173	1137	1173	40
1540	605	1101	1753	40
1541	604	1100	1754	40
1542	607	1756	1099	40
1543	534	1478	1303	40
1544	207	959	1470	40
1545	209	960	1471	40
1546	208	961	1472	40
1547	210	962	1473	40
1548	344	900	1946	40
1549	345	901	1948	40
1550	348	902	1951	40
1551	349	903	1952	40
1552	542	1649	888	40
1553	291	888	1649	40
1554	292	889	1650	40
1555	543	1650	889	40
1556	195	1871	851	40
1557	199	1872	852	40
1558	200	1873	853	40
1559	701	1714	2153	40
1560	43	1817	1661	40
1561	4	1813	1659	40
1562	159	1659	1814	40
1563	121	1816	1660	40
1564	120	1660	1815	40
1565	82	1819	1662	40
1566	42	1661	1818	40
1567	81	1662	1820	40
1568	454	1020	1306	40
1569	842	2176	989	40
1570	253	938	1191	40
1571	254	939	1192	40
1572	200	853	1380	40
1573	453	1308	1019	40
1574	176	1391	1462	40
1575	762	2102	1052	40
1576	199	852	1452	40
1577	422	1081	1055	40
1578	423	1082	1056	40
1579	442	1791	907	40
1580	397	1718	1148	40
1581	824	1331	1585	40
1582	827	1332	1587	40
1583	822	1327	1584	40
1584	826	1328	1586	40
1585	207	1470	974	40
1586	209	1471	975	40
1587	208	1472	976	40
1588	210	1473	977	40
1589	566	1229	1146	40
1590	434	1386	950	40
1591	435	1387	951	40
1592	436	952	1388	40
1593	437	953	1389	40
1594	191	1286	883	40
1595	192	1287	884	40
1596	331	1672	852	40
1597	195	851	1486	40
1598	845	2161	1000	40
1599	846	2162	1001	40
1600	847	2163	1002	40
1601	848	2164	1003	40
1602	994	1786	1212	40
1603	548	1270	1119	40
1604	482	1119	1270	40
1605	700	1346	1713	40
1606	701	1347	1714	40
1607	529	1636	859	40
1608	330	859	1636	40
1609	633	1987	1778	40
1610	390	1042	1138	40
1611	297	946	2191	40
1612	211	857	1400	40
1613	212	858	1401	40
1614	471	1090	1161	40
1615	174	1161	1090	40
1616	633	1028	1987	40
1617	461	1107	1106	40
1618	438	1106	1107	40
1619	462	1109	1108	40
1620	439	1108	1109	40
1621	164	1080	1444	40
1622	611	1444	1080	40
1623	229	1214	1150	40
1624	428	1021	1837	40
1625	376	857	1620	40
1626	377	858	1621	40
1627	607	1099	1959	40
1628	313	917	1524	40
1629	314	918	1525	40
1630	583	1797	864	40
1631	584	1798	865	40
1632	586	1799	866	40
1633	520	1129	1078	40
1634	163	1078	1129	40
1635	222	859	2105	40
1636	605	1966	1101	40
1637	604	1965	1100	40
1638	422	935	1319	40
1639	423	936	1320	40
1640	676	1352	1777	40
1641	529	859	1767	40
1642	289	1677	890	40
1643	540	890	1677	40
1644	669	1203	1571	40
1645	297	1571	1203	40
1646	434	1151	992	40
1647	435	1152	993	40
1648	436	990	1153	40
1649	437	991	1154	40
1650	651	1177	1535	40
1651	217	1535	1177	40
1652	652	1178	1536	40
1653	218	1536	1178	40
1654	469	1484	1670	40
1655	664	2149	2179	40
1656	663	2148	2178	40
1657	219	1404	906	40
1658	220	1405	907	40
1659	190	1422	861	40
1660	535	1380	1134	40
1661	161	2174	1258	40
1662	162	2175	1259	40
1663	486	1423	894	40
1664	487	1424	893	40
1665	488	895	1425	40
1666	489	896	1426	40
1667	175	1496	860	40
1668	204	2017	914	40
1669	271	1568	1884	40
1670	429	1027	1835	40
1671	436	1572	1074	40
1672	437	1573	1075	40
1673	242	886	1469	40
1674	270	1296	1357	40
1675	319	1918	876	40
1676	184	1263	919	40
1677	28	1425	895	40
1678	67	1426	896	40
1679	135	894	1423	40
1680	96	893	1424	40
1681	709	1370	1833	40
1682	248	1171	982	40
1683	599	1135	1342	40
1684	431	2084	2083	40
1685	299	1288	1743	40
1686	806	1743	1288	40
1687	431	1041	2084	40
1688	1014	1177	1745	40
1689	1015	1178	1746	40
1690	534	1133	1364	40
1691	241	897	1484	40
1692	243	898	1485	40
1693	634	1709	1262	40
1694	203	899	1834	40
1695	601	1477	862	40
1696	500	1394	1030	40
1697	173	941	1669	40
1698	237	876	1750	40
1699	238	877	1751	40
1700	415	1057	1122	40
1701	727	2194	1477	40
1702	270	1495	2128	40
1703	565	1351	1339	40
1704	180	1593	1009	40
1705	361	867	1663	40
1706	362	868	1664	40
1707	370	871	1415	40
1708	244	887	1384	40
1709	364	869	1665	40
1710	442	940	1791	40
1711	255	904	1835	40
1712	555	1138	1042	40
1713	164	940	1725	40
1714	434	992	1386	40
1715	435	993	1387	40
1716	436	1388	990	40
1717	437	1389	991	40
1718	233	872	1775	40
1719	234	873	1776	40
1720	603	1914	887	40
1721	440	1624	1095	40
1722	525	1585	1331	40
1723	521	1584	1327	40
1724	527	1587	1332	40
1725	523	1586	1328	40
1726	728	1159	2143	40
1727	729	1158	2144	40
1728	731	1160	2146	40
1729	279	892	1723	40
1730	173	1173	1243	40
1731	554	1243	1173	40
1732	247	1180	983	40
1733	344	1946	959	40
1734	612	959	1946	40
1735	345	1948	960	40
1736	613	960	1948	40
1737	614	961	1951	40
1738	348	1951	961	40
1739	349	1952	962	40
1740	615	962	1952	40
1741	256	905	1837	40
1742	241	1765	897	40
1743	243	1766	898	40
1744	639	2201	984	40
1745	1807	185	1407	40
1746	924	1807	1407	40
1747	1808	187	1408	40
1748	925	1808	1408	40
1749	370	1625	871	40
1750	233	1497	872	40
1751	474	873	1498	40
1752	234	1498	873	40
1753	237	1499	876	40
1754	478	877	1500	40
1755	238	1500	877	40
1756	333	1318	915	40
1757	802	1569	1041	40
1758	475	1702	874	40
1759	479	1704	878	40
1760	480	1705	879	40
1761	191	883	1602	40
1762	192	884	1603	40
1763	318	875	1513	40
1764	600	1435	892	40
1765	315	1516	872	40
1766	870	2057	2169	40
1767	542	888	1675	40
1768	543	889	1676	40
1769	540	1673	890	40
1770	541	1674	891	40
1771	340	1236	1390	40
1772	630	1326	2133	40
1773	601	1734	1997	40
1774	372	2212	942	40
1775	373	2213	943	40
1776	446	944	2214	40
1777	447	945	2215	40
1778	762	1318	2018	40
1779	919	1590	1156	40
1780	242	1803	886	40
1781	484	1133	1252	40
1782	534	1252	1133	40
1783	485	1253	1134	40
1784	535	1134	1253	40
1785	411	1693	1112	40
1786	409	1110	1691	40
1787	412	1694	1113	40
1788	410	1111	1692	40
1789	276	1824	1304	40
1790	244	1563	887	40
1791	496	1795	888	40
1792	494	890	1793	40
1793	497	1796	889	40
1794	495	891	1794	40
1795	520	1507	1129	40
1796	849	1258	2174	40
1797	850	1259	2175	40
1798	293	1308	2123	40
1799	973	2219	1371	40
1800	344	926	1995	40
1801	345	927	1996	40
1802	348	930	1992	40
1803	349	931	1994	40
1804	430	1097	2100	40
1805	693	1734	1849	40
1806	1069	1135	2177	40
1807	405	2088	1102	40
1808	407	2091	1103	40
1809	408	2093	1105	40
1810	235	1738	1702	40
1811	236	1739	1703	40
1812	239	1740	1704	40
1813	240	1741	1705	40
1814	235	1828	920	40
1815	239	1829	921	40
1816	240	1831	923	40
1817	566	1607	1229	40
1818	428	1837	1149	40
1819	290	1341	1315	40
1820	633	1315	1341	40
1821	411	1144	1693	40
1822	412	1145	1694	40
1823	409	1691	1142	40
1824	410	1692	1143	40
1825	2219	655	1371	40
1826	282	1856	1148	40
1827	708	1148	1856	40
1828	874	1702	1738	40
1829	875	1703	1739	40
1830	878	1704	1740	40
1831	879	1705	1741	40
1832	1102	2088	2062	40
1833	1103	2091	2063	40
1834	1105	2093	2065	40
1835	696	1125	2117	40
1836	697	1126	2118	40
1837	694	2119	1123	40
1838	695	2120	1124	40
1839	381	1440	1079	40
1840	255	1913	904	40
1841	380	1464	1078	40
1842	602	1234	1361	40
1843	186	1361	1234	40
1844	8	926	1936	40
1845	47	927	1937	40
1846	155	1938	928	40
1847	116	1939	929	40
1848	125	930	1940	40
1849	86	931	1941	40
1850	38	1942	932	40
1851	77	1943	933	40
1852	43	44	1817	40
1853	4	5	1813	40
1854	158	159	1814	40
1855	121	122	1816	40
1856	119	120	1815	40
1857	82	83	1819	40
1858	41	42	1818	40
1859	80	81	1820	40
1860	188	1923	2095	40
1861	355	1997	913	40
1862	242	1844	915	40
1863	311	1522	934	40
1864	382	1728	1159	40
1865	383	1729	1158	40
1866	385	1731	1160	40
1867	911	2206	1198	40
1868	912	2207	1199	40
1869	515	1051	1503	40
1870	196	1019	1667	40
1871	587	1667	1019	40
1872	787	1968	1395	40
1873	788	1969	1396	40
1874	256	1932	905	40
1875	535	958	1245	40
1876	148	149	1098	40
1877	109	110	1099	40
1878	14	15	1100	40
1879	53	54	1101	40
1880	405	1102	1202	40
1881	407	1103	1204	40
1882	406	1104	1203	40
1883	408	1105	1205	40
1884	224	2067	1618	40
1885	359	908	1565	40
1886	189	1802	908	40
1887	8	1551	926	40
1888	47	1552	927	40
1889	155	928	1547	40
1890	116	929	1549	40
1891	125	1548	930	40
1892	86	1550	931	40
1893	38	932	1545	40
1894	77	933	1546	40
1895	609	2150	1225	40
1896	610	2151	1226	40
1897	593	1217	1353	40
1898	166	1353	1217	40
1899	594	1218	1354	40
1900	168	1354	1218	40
1901	723	2154	1052	40
1902	339	1052	2154	40
1903	486	1237	1445	40
1904	521	1936	926	40
1905	523	1937	927	40
1906	522	928	1938	40
1907	525	1940	930	40
1908	524	929	1939	40
1909	526	932	1942	40
1910	527	1941	931	40
1911	528	933	1943	40
1912	455	924	1407	40
1913	457	925	1408	40
1914	983	1565	1653	40
1915	369	994	1271	40
1916	429	1835	1157	40
1917	323	1140	1429	40
1918	324	1141	1430	40
1919	667	1506	1399	40
1920	575	1561	1400	40
1921	576	1562	1401	40
1922	359	1565	983	40
1923	186	2094	1361	40
1924	188	2095	1362	40
1925	776	1541	1577	40
1926	777	1542	1578	40
1927	344	959	1266	40
1928	345	960	1267	40
1929	348	961	1268	40
1930	349	962	1269	40
1931	492	934	1522	40
1932	421	916	1447	40
1933	571	1451	1076	40
1934	242	915	2021	40
1935	536	934	1653	40
1936	98	99	1124	40
1937	137	138	1123	40
1938	25	26	1125	40
1939	64	65	1126	40
1940	434	1072	1628	40
1941	435	1073	1629	40
1942	132	1680	985	40
1943	93	1681	986	40
1944	31	987	1682	40
1945	70	988	1683	40
1946	372	968	2212	40
1947	373	969	2213	40
1948	446	2214	970	40
1949	447	2215	971	40
1950	311	934	1679	40
1951	634	1272	1403	40
1952	481	1403	1272	40
1953	263	1024	1382	40
1954	513	1382	1024	40
1955	264	1025	1383	40
1956	514	1383	1025	40
1957	522	1614	928	40
1958	524	1615	929	40
1959	526	1616	932	40
1960	528	1617	933	40
1961	131	985	1861	40
1962	92	986	1862	40
1963	32	1859	987	40
1964	71	1860	988	40
1965	469	1250	1495	40
1966	814	1716	1524	40
1967	813	1717	1525	40
1968	815	1522	1715	40
1969	245	1821	917	40
1970	246	1822	918	40
1971	459	1323	1043	40
1972	518	1022	1398	40
1973	265	1398	1022	40
1974	519	1023	1399	40
1975	266	1399	1023	40
1976	236	1830	922	40
1977	966	1706	2190	40
1978	871	1625	1121	40
1979	270	2128	1397	40
1980	760	2123	1308	40
1981	659	1237	1556	40
1982	301	1556	1237	40
1983	302	1557	1238	40
1984	660	1238	1557	40
1985	954	1322	1923	40
1986	862	1477	2194	40
1987	133	134	1189	40
1988	94	95	1190	40
1989	29	30	1187	40
1990	68	69	1188	40
1991	448	974	1292	40
1992	449	975	1293	40
1993	450	976	1294	40
1994	451	977	1295	40
1995	389	1590	919	40
1996	910	1207	2179	40
1997	909	1206	2178	40
1998	271	1884	1216	40
1999	397	1148	1193	40
2000	789	963	2192	40
2001	790	964	2193	40
2002	353	1809	925	40
2003	231	1128	2084	40
2004	746	2084	1128	40
2005	510	1577	1541	40
2006	511	1578	1542	40
2007	360	1777	972	40
2008	565	1339	1096	40
2009	145	1388	952	40
2010	106	1389	953	40
2011	18	950	1386	40
2012	57	951	1387	40
2013	805	2165	1726	40
2014	183	1030	1394	40
2015	536	1679	934	40
2016	160	1031	1265	40
2017	581	1045	1637	40
2018	197	1637	1045	40
2019	313	1524	1716	40
2020	314	1525	1717	40
2021	311	1715	1522	40
2022	765	957	2142	40
2023	428	2189	1291	40
2024	726	2187	1435	40
2025	492	2099	934	40
2026	133	1189	1680	40
2027	94	1190	1681	40
2028	30	1682	1187	40
2029	69	1683	1188	40
2030	1098	2033	1755	40
2031	353	1752	1345	40
2032	804	1345	1752	40
2033	515	1503	1689	40
2034	774	1575	2023	40
2035	775	1576	2024	40
2036	284	1841	1412	40
2037	335	941	1446	40
2038	464	1446	941	40
2039	372	1292	974	40
2040	373	1293	975	40
2041	374	1294	976	40
2042	375	1295	977	40
2043	544	947	1695	40
2044	651	1535	1519	40
2045	652	1536	1520	40
2046	177	1183	1070	40
2047	178	1184	1071	40
2048	479	2202	1046	40
2049	714	1046	2202	40
2050	480	2203	1047	40
2051	715	1047	2203	40
2052	475	2204	1048	40
2053	716	1048	2204	40
2054	476	2205	1049	40
2055	719	1049	2205	40
2056	493	947	1523	40
2057	312	1523	947	40
2058	685	949	2046	40
2059	182	1139	1982	40
2060	985	2140	1861	40
2061	986	2141	1862	40
2062	987	1859	2138	40
2063	988	1860	2139	40
2064	539	1271	994	40
2065	1129	1507	1899	40
2066	386	1040	1363	40
2067	444	1274	1085	40
2068	445	1275	1086	40
2069	446	1276	1087	40
2070	447	1277	1088	40
2071	838	1689	1503	40
2072	946	1443	2191	40
2073	164	2180	940	40
2074	914	1291	2189	40
2075	519	1399	1506	40
2076	1134	1380	2101	40
2077	330	1887	1278	40
2078	21	22	1221	40
2079	60	61	1222	40
2080	141	142	1223	40
2081	102	103	1224	40
2082	171	2220	944	40
2083	401	1256	1091	40
2084	402	1257	1093	40
2085	399	1092	1255	40
2086	400	1254	1094	40
2087	455	1063	1214	40
2088	457	1064	1215	40
2089	639	2169	2057	40
2090	917	1821	1524	40
2091	918	1822	1525	40
2092	455	2116	1174	40
2093	863	1365	1848	40
2094	207	2134	959	40
2095	209	2135	960	40
2096	208	2136	961	40
2097	210	2137	962	40
2098	333	2018	1318	40
2099	982	1690	1695	40
2100	363	2132	1176	40
2101	647	1454	1897	40
2102	648	1455	1898	40
2103	1237	1855	1445	40
2104	634	1262	1560	40
2105	372	942	1769	40
2106	373	943	1770	40
2107	531	1696	1300	40
2108	532	1697	1301	40
2109	455	1214	2116	40
2110	165	1298	1312	40
2111	595	1312	1298	40
2112	167	1299	1313	40
2113	596	1313	1299	40
2114	481	1264	1403	40
2115	360	1690	982	40
2116	470	955	1863	40
2117	471	956	1864	40
2118	312	947	1708	40
2119	544	1708	947	40
2120	459	954	1671	40
2121	464	1850	1127	40
2122	677	965	2172	40
2123	454	1309	1116	40
2124	135	136	1911	40
2125	96	97	1912	40
2126	27	28	1909	40
2127	66	67	1910	40
2128	450	2089	1830	40
2129	531	1053	1602	40
2130	532	1054	1603	40
2131	493	2071	947	40
2132	442	1725	940	40
2133	751	1719	1194	40
2134	753	1721	1195	40
2135	752	1720	1196	40
2136	754	1722	1197	40
2137	709	1964	2026	40
2138	397	1340	1718	40
2139	160	2219	973	40
2140	0	4	1659	40
2141	0	1659	159	40
2142	1	43	1661	40
2143	1	1661	42	40
2144	2	121	1660	40
2145	2	1660	120	40
2146	3	82	1662	40
2147	3	1662	81	40
2148	191	2012	1007	40
2149	628	1007	2012	40
2150	192	2013	1008	40
2151	629	1008	2013	40
2152	472	1485	1781	40
2153	762	2195	1318	40
2154	838	1450	1689	40
2155	278	1689	1450	40
2156	880	1366	1869	40
2157	248	1573	1171	40
2158	1133	2054	1364	40
2159	23	1882	1034	40
2160	62	1883	1035	40
2161	140	1032	1880	40
2162	101	1033	1881	40
2163	630	2133	967	40
2164	267	1604	1095	40
2165	984	2201	1324	40
2166	683	1767	1922	40
2167	760	1591	1627	40
2168	339	955	2075	40
2169	1135	2083	1342	40
2170	482	1560	1262	40
2171	530	1339	1351	40
2172	639	984	2169	40
2173	378	2169	984	40
2174	531	1527	1696	40
2175	532	1528	1697	40
2176	963	1083	2192	40
2177	964	1084	2193	40
2178	180	1040	1593	40
2179	616	1147	1960	40
2180	187	1310	1781	40
2181	359	1707	948	40
2182	259	948	1706	40
2183	516	1017	1466	40
2184	274	1466	1017	40
2185	517	1018	1467	40
2186	275	1467	1018	40
2187	559	1390	1236	40
2188	201	967	2133	40
2189	432	1893	980	40
2190	593	980	1893	40
2191	433	1894	981	40
2192	594	981	1894	40
2193	932	1616	1989	40
2194	933	1617	1990	40
2195	928	1614	1991	40
2196	929	1615	1993	40
2197	1020	2008	1306	40
2198	343	1877	1833	40
2199	545	1429	1140	40
2200	546	1430	1141	40
2201	708	1193	1148	40
2202	227	2192	1083	40
2203	228	2193	1084	40
2204	231	1041	2172	40
2205	677	2172	1041	40
2206	405	1202	1418	40
2207	668	1418	1202	40
2208	406	1203	1419	40
2209	669	1419	1203	40
2210	407	1204	1420	40
2211	670	1420	1204	40
2212	408	1205	1421	40
2213	671	1421	1205	40
2214	612	1470	959	40
2215	613	1471	960	40
2216	614	1472	961	40
2217	615	1473	962	40
2218	206	1042	2027	40
2219	469	1495	1281	40
2220	572	1553	1526	40
2221	620	1413	996	40
2222	182	1020	1870	40
2223	391	1845	1076	40
2224	616	1680	1189	40
2225	617	1681	1190	40
2226	618	1187	1682	40
2227	619	1188	1683	40
2228	429	2048	1288	40
2229	350	1989	1616	40
2230	351	1990	1617	40
2231	346	1991	1614	40
2232	347	1993	1615	40
2233	398	1285	1236	40
2234	559	1236	1285	40
2235	281	2009	1850	40
2236	922	1830	2089	40
2237	271	1282	1251	40
2238	129	130	1246	40
2239	90	91	1247	40
2240	33	34	1248	40
2241	72	73	1249	40
2242	261	1138	1787	40
2243	459	1026	1323	40
2244	17	1386	992	40
2245	56	1387	993	40
2246	146	990	1388	40
2247	107	991	1389	40
2248	340	956	1865	40
2249	512	1216	1289	40
2250	547	1289	1216	40
2251	886	1954	2085	40
2252	612	1947	1970	40
2253	613	1949	1971	40
2254	614	1950	1972	40
2255	615	1953	1973	40
2256	606	1755	2033	40
2257	611	1304	1824	40
2258	533	1563	1297	40
2259	1043	1323	2217	40
2260	353	1345	1809	40
2261	232	2131	1228	40
2262	515	1431	1051	40
2263	305	1051	1431	40
2264	182	1836	1020	40
2265	591	1020	1836	40
2266	325	1181	2030	40
2267	739	2030	1181	40
2268	740	2031	1182	40
2269	326	1182	2031	40
2270	361	1710	1501	40
2271	849	1501	1710	40
2272	850	1502	1711	40
2273	362	1711	1502	40
2274	538	1627	1591	40
2275	171	1104	2220	40
2276	727	1477	2211	40
2277	365	966	2190	40
2278	183	1394	995	40
2279	260	1521	972	40
2280	733	2223	1555	40
2281	732	2222	1554	40
2282	456	1017	1365	40
2283	458	1018	1366	40
2284	369	2141	986	40
2285	371	958	1651	40
2286	821	1853	1333	40
2287	825	1854	1334	40
2288	820	1851	1329	40
2289	823	1852	1330	40
2290	806	1288	2048	40
2291	101	1642	1033	40
2292	140	1641	1032	40
2293	23	1034	1639	40
2294	62	1035	1640	40
2295	485	1156	1253	40
2296	252	1253	1156	40
2297	455	2069	1063	40
2298	457	2070	1064	40
2299	536	1653	1565	40
2300	565	1136	1283	40
2301	202	1283	1136	40
2302	520	1078	1464	40
2303	443	1146	1229	40
2304	506	1079	1440	40
2305	572	1526	1296	40
2306	232	1323	2131	40
2307	179	1726	2165	40
2308	129	1246	2112	40
2309	90	1247	2113	40
2310	34	2114	1248	40
2311	73	2115	1249	40
2312	892	1435	2187	40
2313	557	1644	1733	40
2314	413	1508	978	40
2315	414	1509	979	40
2316	372	1970	968	40
2317	373	1971	969	40
2318	629	1657	1609	40
2319	628	1656	1608	40
2320	626	1610	1655	40
2321	459	1612	1026	40
2322	1345	2025	1809	40
2323	549	1014	1647	40
2324	395	1647	1014	40
2325	550	1015	1648	40
2326	396	1648	1015	40
2327	987	1961	1682	40
2328	985	1680	1960	40
2329	1458	2148	2181	40
2330	1459	2149	2182	40
2331	193	2148	1458	40
2332	194	2149	1459	40
2333	419	1846	1325	40
2334	1051	2171	1503	40
2335	587	1181	1747	40
2336	588	1182	1748	40
2337	405	1418	1162	40
2338	406	1419	1164	40
2339	407	1420	1163	40
2340	408	1421	1165	40
2341	2160	542	1675	40
2342	2152	543	1676	40
2343	590	1012	1404	40
2344	592	1013	1405	40
2345	247	1572	1180	40
2346	655	1265	1619	40
2347	415	1619	1265	40
2348	562	1305	1235	40
2349	404	1235	1305	40
2350	603	1811	1166	40
2351	538	1363	1040	40
2352	272	1631	1061	40
2353	563	1061	1631	40
2354	273	1632	1062	40
2355	564	1062	1632	40
2356	563	1343	1554	40
2357	564	1344	1555	40
2358	1027	2160	1675	40
2359	1021	2152	1676	40
2360	148	1098	1755	40
2361	109	1099	1756	40
2362	15	1754	1100	40
2363	54	1753	1101	40
2364	782	1116	1643	40
2365	161	1346	1644	40
2366	700	1644	1346	40
2367	162	1347	1645	40
2368	701	1645	1347	40
2369	378	984	2097	40
2370	940	1635	1791	40
2371	364	1791	1635	40
2372	388	1478	995	40
2373	934	2099	1653	40
2374	257	980	1736	40
2375	258	981	1737	40
2376	545	1519	1535	40
2377	546	1520	1536	40
2378	287	1014	1745	40
2379	288	1015	1746	40
2380	586	1665	1799	40
2381	693	1849	1304	40
2382	1264	2018	1403	40
2383	583	1663	1797	40
2384	584	1664	1798	40
2385	544	1695	1690	40
2386	267	1624	1229	40
2387	616	2170	1147	40
2388	593	2106	980	40
2389	594	2107	981	40
2390	1053	2012	1602	40
2391	1054	2013	1603	40
2392	870	2169	1385	40
2393	623	1532	1976	40
2394	624	1533	1977	40
2395	621	1974	1530	40
2396	622	1975	1531	40
2397	504	1219	1514	40
2398	505	1220	1515	40
2399	482	1011	1874	40
2400	339	1360	1052	40
2401	653	2094	1613	40
2402	465	1117	1279	40
2403	467	1280	1118	40
2404	185	1250	1670	40
2405	469	1281	1114	40
2406	471	1115	1282	40
2407	23	24	1882	40
2408	62	63	1883	40
2409	139	140	1880	40
2410	100	101	1881	40
2411	247	983	1653	40
2412	507	1494	1004	40
2413	540	998	1673	40
2414	253	1673	998	40
2415	254	1674	999	40
2416	541	999	1674	40
2417	810	2010	1800	40
2418	811	2011	1801	40
2419	677	1041	1569	40
2420	1076	1451	2188	40
2421	703	989	2176	40
2422	267	1742	1604	40
2423	1486	2216	2158	40
2424	248	982	1695	40
2425	642	1688	1957	40
2426	791	1000	2161	40
2427	792	1001	2162	40
2428	793	1002	2163	40
2429	794	1003	2164	40
2430	138	139	1530	40
2431	99	100	1531	40
2432	24	25	1532	40
2433	63	64	1533	40
2434	281	1850	1244	40
2435	195	1486	2158	40
2436	1104	2064	2220	40
2437	269	1307	1118	40
2438	506	1089	1592	40
2439	203	1834	1432	40
2440	217	1177	1368	40
2441	549	1368	1177	40
2442	218	1178	1369	40
2443	550	1369	1178	40
2444	770	2112	1246	40
2445	771	2113	1247	40
2446	772	1248	2114	40
2447	773	1249	2115	40
2448	490	1524	1821	40
2449	491	1525	1822	40
2450	668	1491	1418	40
2451	502	1418	1491	40
2452	669	1492	1419	40
2453	503	1419	1492	40
2454	817	2153	2068	40
2455	745	1120	1570	40
2456	358	2177	1135	40
2457	700	1984	1733	40
2458	593	2003	1217	40
2459	594	2004	1218	40
2460	726	1435	2198	40
2461	595	1773	1312	40
2462	596	1774	1313	40
2463	366	1984	1713	40
2464	647	1861	2140	40
2465	648	1862	2141	40
2466	649	2138	1859	40
2467	650	2139	1860	40
2468	167	1987	1461	40
2469	463	1417	1077	40
2470	519	1506	1045	40
2471	197	1045	1506	40
2472	189	1005	2166	40
2473	190	1006	2167	40
2474	149	150	1698	40
2475	110	111	1699	40
2476	13	14	1700	40
2477	52	53	1701	40
2478	533	2061	1433	40
2479	578	1251	1310	40
2480	861	1422	1690	40
2481	467	1118	1307	40
2482	287	1510	1014	40
2483	288	1511	1015	40
2484	280	1004	2098	40
2485	771	1898	1906	40
2486	772	1901	1895	40
2487	773	1902	1896	40
2488	460	1050	1391	40
2489	250	1116	1309	40
2490	193	2023	1575	40
2491	194	2024	1576	40
2492	499	1010	1982	40
2493	554	1244	1243	40
2494	464	1243	1244	40
2495	390	1031	1451	40
2496	260	1096	1339	40
2497	247	1653	2099	40
2498	257	1081	1355	40
2499	258	1082	1356	40
2500	1297	1563	2058	40
2501	432	1286	1230	40
2502	433	1287	1231	40
2503	849	1647	1258	40
2504	850	1648	1259	40
2505	602	2085	1954	40
2506	281	996	2009	40
2507	413	998	1773	40
2508	414	999	1774	40
2509	709	2026	1283	40
2510	876	1499	1905	40
2511	872	1497	1907	40
2512	674	1271	1564	40
2513	498	1009	1593	40
2514	575	1588	1321	40
2515	653	1321	1588	40
2516	654	1322	1589	40
2517	576	1589	1322	40
2518	538	1040	1627	40
2519	180	1627	1040	40
2520	591	1836	1396	40
2521	788	1396	1836	40
2522	260	1028	1521	40
2523	369	1786	994	40
2524	601	1849	1734	40
2525	660	1827	1238	40
2526	661	1239	1825	40
2527	662	1240	1826	40
2528	628	1608	1007	40
2529	629	1609	1008	40
2530	477	1905	1499	40
2531	473	1907	1497	40
2532	271	1460	1282	40
2533	386	1463	1040	40
2534	533	1496	2061	40
2535	213	1691	1110	40
2536	214	1692	1111	40
2537	215	1112	1693	40
2538	216	1113	1694	40
2539	232	2217	1323	40
2540	452	1318	2195	40
2541	617	1212	1786	40
2542	427	1959	1099	40
2543	560	1284	1518	40
2544	1217	2003	1649	40
2545	1218	2004	1650	40
2546	829	2126	1955	40
2547	830	2127	1956	40
2548	537	2098	1004	40
2549	256	1021	1676	40
2550	242	1469	1117	40
2551	681	1879	1359	40
2552	685	1325	1846	40
2553	174	1090	1434	40
2554	512	1434	1090	40
2555	947	2071	1695	40
2556	476	1703	1904	40
2557	241	1484	1114	40
2558	243	1485	1115	40
2559	512	1090	1460	40
2560	424	1100	1965	40
2561	425	1101	1966	40
2562	780	1230	1286	40
2563	781	1231	1287	40
2564	483	1521	1028	40
2565	388	1582	1558	40
2566	749	1558	1582	40
2567	389	1583	1559	40
2568	750	1559	1583	40
2569	515	1689	1016	40
2570	712	1083	1510	40
2571	713	1084	1511	40
2572	255	1027	1675	40
2573	537	1004	2014	40
2574	267	1229	1607	40
2575	175	1417	1340	40
2576	608	1340	1417	40
2577	259	1560	1270	40
2578	265	1022	2199	40
2579	266	1023	2200	40
2580	526	1333	1853	40
2581	528	1334	1854	40
2582	522	1329	1851	40
2583	524	1330	1852	40
2584	540	1677	1011	40
2585	259	1272	1560	40
2586	263	2208	1024	40
2587	264	2209	1025	40
2588	468	1543	1118	40
2589	296	1867	1131	40
2590	295	1866	1130	40
2591	298	1868	1132	40
2592	507	1057	1494	40
2593	261	1494	1057	40
2594	7	8	1936	40
2595	46	47	1937	40
2596	155	156	1938	40
2597	116	117	1939	40
2598	124	125	1940	40
2599	85	86	1941	40
2600	38	39	1942	40
2601	77	78	1943	40
2602	851	1871	1130	40
2603	852	1872	1131	40
2604	853	1873	1132	40
2605	751	1266	2134	40
2606	752	1267	2135	40
2607	753	1268	2136	40
2608	754	1269	2137	40
2609	274	1107	1978	40
2610	275	1109	1979	40
2611	226	1193	2056	40
2612	420	1847	1261	40
2613	686	1261	1847	40
2614	708	2056	1193	40
2615	635	1659	1813	40
2616	637	1661	1817	40
2617	635	1814	1659	40
2618	636	1660	1816	40
2619	636	1815	1660	40
2620	638	1662	1819	40
2621	637	1818	1661	40
2622	638	1820	1662	40
2623	441	1406	1176	40
2624	306	1291	1858	40
2625	914	1858	1291	40
2626	175	1077	1417	40
2627	280	1026	1612	40
2628	666	1398	1200	40
2629	667	1399	1201	40
2630	278	1016	1689	40
2631	479	1046	1704	40
2632	480	1047	1705	40
2633	475	1048	1702	40
2634	476	1049	1703	40
2635	232	1089	1441	40
2636	506	1441	1089	40
2637	460	1812	1228	40
2638	674	1564	2035	40
2639	727	2211	1029	40
2640	6	7	1327	40
2641	45	46	1328	40
2642	156	157	1329	40
2643	117	118	1330	40
2644	123	124	1331	40
2645	84	85	1332	40
2646	39	40	1333	40
2647	78	79	1334	40
2648	225	1598	1146	40
2649	566	1146	1598	40
2650	104	105	1336	40
2651	143	144	1335	40
2652	19	20	1337	40
2653	58	59	1338	40
2654	545	1962	1429	40
2655	546	1963	1430	40
2656	67	68	1426	40
2657	28	29	1425	40
2658	95	96	1424	40
2659	134	135	1423	40
2660	438	1185	1537	40
2661	439	1186	1538	40
2662	101	102	1642	40
2663	140	141	1641	40
2664	22	23	1639	40
2665	61	62	1640	40
2666	516	1466	1058	40
2667	517	1467	1059	40
2668	726	2198	1030	40
2669	684	1371	1654	40
2670	282	1654	1371	40
2671	150	151	1482	40
2672	111	112	1483	40
2673	12	13	1480	40
2674	51	52	1481	40
2675	515	1016	2221	40
2676	242	1117	1844	40
2677	591	2008	1020	40
2678	219	1955	2126	40
2679	220	1956	2127	40
2680	470	1863	1114	40
2681	471	1864	1115	40
2682	900	1497	1947	40
2683	233	1947	1497	40
2684	901	1498	1949	40
2685	234	1949	1498	40
2686	237	1950	1499	40
2687	902	1499	1950	40
2688	903	1500	1953	40
2689	238	1953	1500	40
2690	168	1869	1366	40
2691	619	1651	1211	40
2692	22	1639	1221	40
2693	61	1640	1222	40
2694	141	1223	1641	40
2695	102	1224	1642	40
2696	905	1149	1837	40
2697	663	1208	1382	40
2698	664	1209	1383	40
2699	1102	2143	1202	40
2700	1103	2144	1204	40
2701	1104	2145	1203	40
2702	1105	2146	1205	40
2703	225	1273	1598	40
2704	684	1598	1273	40
2705	516	2059	1017	40
2706	517	2060	1018	40
2707	145	146	1388	40
2708	106	107	1389	40
2709	17	18	1386	40
2710	56	57	1387	40
2711	640	1805	1355	40
2712	641	1806	1356	40
2713	904	1157	1835	40
2714	875	1904	1703	40
2715	665	1434	1735	40
2716	166	1848	1365	40
2717	186	1749	1613	40
2718	854	1613	1749	40
2719	569	1639	1034	40
2720	567	1032	1641	40
2721	570	1640	1035	40
2722	568	1033	1642	40
2723	878	1514	1901	40
2724	321	1901	1514	40
2725	879	1515	1902	40
2726	322	1902	1515	40
2727	874	1512	1903	40
2728	317	1903	1512	40
2729	26	2117	1125	40
2730	65	2118	1126	40
2731	98	1124	2120	40
2732	137	1123	2119	40
2733	1147	2170	1445	40
2734	428	1988	1021	40
2735	501	1932	1068	40
2736	500	1913	1067	40
2737	486	1189	1423	40
2738	487	1190	1424	40
2739	488	1425	1187	40
2740	489	1426	1188	40
2741	454	1870	1020	40
2742	262	1348	1804	40
2743	626	2166	1610	40
2744	1005	1610	2166	40
2745	627	2167	1611	40
2746	1006	1611	2167	40
2747	545	1535	1962	40
2748	546	1536	1963	40
2749	256	1837	1021	40
2750	8	9	1551	40
2751	154	155	1547	40
2752	47	48	1552	40
2753	115	116	1549	40
2754	125	126	1548	40
2755	86	87	1550	40
2756	37	38	1545	40
2757	76	77	1546	40
2758	494	1793	1065	40
2759	495	1794	1066	40
2760	496	1067	1795	40
2761	497	1068	1796	40
2762	199	1452	1121	40
2763	603	1534	1811	40
2764	529	1416	1957	40
2765	547	1544	2027	40
2766	419	1022	1846	40
2767	420	1023	1847	40
2768	654	1923	1322	40
2769	559	1744	1390	40
2770	429	1985	1027	40
2771	678	1620	1427	40
2772	679	1621	1428	40
2773	417	1838	1024	40
2774	418	1839	1025	40
2775	255	1835	1027	40
2776	316	1517	1908	40
2777	873	1908	1517	40
2778	268	1601	1279	40
2779	460	2131	1026	40
2780	571	1076	1845	40
2781	618	1415	1210	40
2782	700	1733	1644	40
2783	988	2224	1683	40
2784	573	1567	1823	40
2785	245	1072	1821	40
2786	246	1073	1822	40
2787	492	1074	2099	40
2788	510	1232	1577	40
2789	511	1233	1578	40
2790	534	1303	1252	40
2791	251	1252	1303	40
2792	256	1068	1932	40
2793	255	1067	1913	40
2794	493	1075	2071	40
2795	608	1718	1340	40
2796	160	2188	1031	40
2797	839	1140	2023	40
2798	840	1141	2024	40
2799	328	1359	1879	40
2800	188	1671	1923	40
2801	954	1923	1671	40
2802	283	1610	1142	40
2803	284	1611	1143	40
2804	285	1144	1608	40
2805	286	1145	1609	40
2806	688	1043	2217	40
2807	680	1358	1838	40
2808	681	1359	1839	40
2809	657	1920	2129	40
2810	658	1921	2130	40
2811	470	1357	1173	40
2812	211	1400	1561	40
2813	212	1401	1562	40
2814	621	1032	1840	40
2815	622	1033	1841	40
2816	623	1842	1034	40
2817	624	1843	1035	40
2818	502	1162	1418	40
2819	503	1164	1419	40
2820	504	1163	1420	40
2821	505	1165	1421	40
2822	844	2168	1031	40
2823	398	2201	1367	40
2824	270	1397	1296	40
2825	572	1296	1397	40
2826	248	1695	2071	40
2827	175	1340	2061	40
2828	809	2061	1340	40
2829	669	1637	1492	40
2830	10	11	1372	40
2831	49	50	1373	40
2832	152	153	1374	40
2833	113	114	1375	40
2834	127	128	1376	40
2835	88	89	1377	40
2836	35	36	1378	40
2837	74	75	1379	40
2838	562	2171	1051	40
2839	245	1628	1072	40
2840	246	1629	1073	40
2841	257	1736	1058	40
2842	258	1737	1059	40
2843	561	1707	1311	40
2844	557	1501	2174	40
2845	558	1502	2175	40
2846	356	1800	2010	40
2847	357	1801	2011	40
2848	621	1880	1032	40
2849	622	1881	1033	40
2850	623	1034	1882	40
2851	624	1035	1883	40
2852	651	1519	1316	40
2853	652	1520	1317	40
2854	657	2129	1316	40
2855	658	2130	1317	40
2856	746	1128	1666	40
2857	426	1200	2033	40
2858	485	1134	1652	40
2859	482	1874	1119	40
2860	290	2066	1341	40
2861	484	1672	1133	40
2862	557	2174	1644	40
2863	558	2175	1645	40
2864	213	1110	1684	40
2865	495	1685	1111	40
2866	215	1686	1112	40
2867	216	1687	1113	40
2868	728	2143	1102	40
2869	729	2144	1103	40
2870	730	2145	1104	40
2871	731	2146	1105	40
2872	196	1667	1577	40
2873	776	1577	1667	40
2874	198	1668	1578	40
2875	777	1578	1668	40
2876	343	1297	1877	40
2877	703	1877	1297	40
2878	746	2083	2084	40
2879	231	2084	1041	40
2880	537	1050	2098	40
2881	484	1121	1452	40
2882	237	1750	1169	40
2883	238	1751	1170	40
2884	325	1747	1181	40
2885	326	1748	1182	40
2886	816	1638	1224	40
2887	247	1074	1572	40
2888	248	1075	1573	40
2889	955	1137	2075	40
2890	464	1127	1446	40
2891	466	1117	1469	40
2892	678	1427	1631	40
2893	563	1631	1427	40
2894	679	1428	1632	40
2895	564	1632	1428	40
2896	629	1410	1657	40
2897	628	1409	1656	40
2898	626	1655	1411	40
2899	472	1310	1251	40
2900	270	1357	1281	40
2901	551	1599	1669	40
2902	368	1570	1454	40
2903	672	1454	1570	40
2904	499	1139	1630	40
2905	469	1114	1484	40
2906	472	1115	1485	40
2907	205	1933	1044	40
2908	574	1044	1933	40
2909	391	2016	1044	40
2910	454	1566	1309	40
2911	763	1669	1599	40
2912	260	1518	1096	40
2913	581	1887	1045	40
2914	642	1626	1688	40
2915	500	1489	1394	40
2916	487	1827	1212	40
2917	488	1210	1825	40
2918	489	1211	1826	40
2919	680	1763	1358	40
2920	327	1358	1763	40
2921	221	1633	1757	40
2922	833	1757	1633	40
2923	223	1634	1759	40
2924	834	1759	1634	40
2925	506	1592	1080	40
2926	512	1735	1434	40
2927	343	1833	1235	40
2928	606	1958	1153	40
2929	568	1724	1412	40
2930	467	1307	1299	40
2931	596	1299	1307	40
2932	685	1846	1349	40
2933	686	1847	1350	40
2934	762	1052	2195	40
2935	512	1460	1216	40
2936	421	1892	1885	40
2937	1016	1885	1892	40
2938	200	1986	1220	40
2939	675	1220	1986	40
2940	795	2191	1443	40
2941	239	1163	1740	40
2942	240	1165	1741	40
2943	235	1162	1738	40
2944	236	1164	1739	40
2945	461	1058	1978	40
2946	462	1059	1979	40
2947	280	2098	1050	40
2948	577	1495	1250	40
2949	375	2215	1772	40
2950	374	2214	1771	40
2951	885	1984	2086	40
2952	870	2116	2057	40
2953	249	1147	1445	40
2954	391	1060	1845	40
2955	262	1735	1289	40
2956	263	1382	1208	40
2957	264	1383	1209	40
2958	516	1058	1736	40
2959	517	1059	1737	40
2960	233	1775	1167	40
2961	234	1776	1168	40
2962	770	1246	1897	40
2963	771	1247	1898	40
2964	772	1895	1248	40
2965	773	1896	1249	40
2966	1040	1463	1593	40
2967	562	1051	1876	40
2968	1219	2038	1514	40
2969	1220	2039	1515	40
2970	416	2081	1273	40
2971	444	1167	1539	40
2972	445	1168	1540	40
2973	446	1169	1541	40
2974	447	1170	1542	40
2975	633	1778	1315	40
2976	197	1492	1637	40
2977	723	1052	2102	40
2978	305	1876	1051	40
2979	574	1712	1442	40
2980	1089	1823	1592	40
2981	441	1061	2222	40
2982	442	1062	2223	40
2983	327	1763	1316	40
2984	657	1316	1763	40
2985	544	1422	1175	40
2986	190	1175	1422	40
2987	269	1118	1543	40
2988	262	1804	1060	40
2989	99	1531	1124	40
2990	138	1530	1123	40
2991	25	1125	1532	40
2992	64	1126	1533	40
2993	422	1055	2124	40
2994	423	1056	2125	40
2995	265	1200	1398	40
2996	266	1201	1399	40
2997	463	1095	1604	40
2998	653	1613	1321	40
2999	253	1065	1793	40
3000	254	1066	1794	40
3001	255	1795	1067	40
3002	256	1796	1068	40
3003	547	1348	1289	40
3004	262	1289	1348	40
3005	628	2012	1053	40
3006	629	2013	1054	40
3007	698	1487	1623	40
3008	277	1623	1487	40
3009	226	2142	1193	40
3010	649	1456	2138	40
3011	650	1457	2139	40
3012	307	1851	1998	40
3013	309	1853	1999	40
3014	310	1854	2001	40
3015	388	1558	1478	40
3016	661	1478	1558	40
3017	199	1219	1788	40
3018	200	1220	1789	40
3019	957	1193	2142	40
3020	1390	1744	2103	40
3021	656	1884	1568	40
3022	487	1238	1827	40
3023	488	1825	1239	40
3024	489	1826	1240	40
3025	602	1414	1234	40
3026	443	1234	1414	40
3027	267	1095	1624	40
3028	655	1856	1371	40
3029	642	1284	1626	40
3030	134	1423	1189	40
3031	95	1424	1190	40
3032	29	1187	1425	40
3033	68	1188	1426	40
3034	501	1490	1263	40
3035	274	1063	2069	40
3036	275	1064	2070	40
3037	1200	1958	2033	40
3038	367	2068	2153	40
3039	241	1241	1765	40
3040	243	1242	1766	40
3041	452	1213	2021	40
3042	804	2032	1345	40
3043	1087	1276	2185	40
3044	1085	1274	2183	40
3045	1086	1275	2184	40
3046	1088	1277	2186	40
3047	602	1954	1414	40
3048	959	2134	1266	40
3049	960	2135	1267	40
3050	961	2136	1268	40
3051	962	2137	1269	40
3052	886	1600	1954	40
3053	335	1954	1600	40
3054	521	1327	1936	40
3055	522	1938	1329	40
3056	523	1328	1937	40
3057	525	1331	1940	40
3058	524	1939	1330	40
3059	526	1942	1333	40
3060	527	1332	1941	40
3061	528	1943	1334	40
3062	597	1944	1537	40
3063	598	1945	1538	40
3064	796	1069	2177	40
3065	463	1604	1417	40
3066	499	1982	1139	40
3067	139	1880	1530	40
3068	100	1881	1531	40
3069	24	1532	1882	40
3070	63	1533	1883	40
3071	568	1638	1724	40
3072	490	1821	1072	40
3073	491	1822	1073	40
3074	662	1156	1590	40
3075	659	1579	1855	40
3076	693	1304	1792	40
3077	431	2083	1135	40
3078	579	1130	1866	40
3079	580	1131	1867	40
3080	582	1132	1868	40
3081	604	1151	2036	40
3082	605	1152	2037	40
3083	649	1859	1248	40
3084	650	1860	1249	40
3085	33	1248	1859	40
3086	72	1249	1860	40
3087	130	1861	1246	40
3088	647	1246	1861	40
3089	91	1862	1247	40
3090	648	1247	1862	40
3091	607	2041	1154	40
3092	759	1566	1306	40
3093	569	1221	1639	40
3094	570	1222	1640	40
3095	567	1641	1223	40
3096	568	1642	1224	40
3097	665	1442	1712	40
3098	271	1251	1568	40
3099	578	1568	1251	40
3100	285	1608	1656	40
3101	286	1609	1657	40
3102	283	1655	1610	40
3103	659	1363	1579	40
3104	160	1076	2188	40
3105	244	1384	1280	40
3106	673	1121	1625	40
3107	452	1360	1599	40
3108	763	1599	1360	40
3109	805	1392	2165	40
3110	10	1372	1926	40
3111	49	1373	1927	40
3112	153	1928	1374	40
3113	36	1924	1378	40
3114	114	1930	1375	40
3115	127	1376	1929	40
3116	75	1925	1379	40
3117	88	1377	1931	40
3118	247	2099	1074	40
3119	320	1906	1898	40
3120	321	1895	1901	40
3121	322	1896	1902	40
3122	248	2071	1075	40
3123	529	1688	1260	40
3124	11	2108	1372	40
3125	50	2109	1373	40
3126	152	1374	2110	40
3127	113	1375	2111	40
3128	128	2112	1376	40
3129	89	2113	1377	40
3130	35	1378	2114	40
3131	74	1379	2115	40
3132	230	1453	2104	40
3133	643	1769	2062	40
3134	644	1770	2063	40
3135	646	1772	2065	40
3136	945	1772	2215	40
3137	944	1771	2214	40
3138	791	1194	1719	40
3139	792	1195	1721	40
3140	793	1196	1720	40
3141	794	1197	1722	40
3142	612	1970	1470	40
3143	613	1971	1471	40
3144	614	1972	1472	40
3145	615	1973	1473	40
3146	367	2153	1714	40
3147	149	1698	1098	40
3148	110	1699	1099	40
3149	14	1100	1700	40
3150	53	1101	1701	40
3151	761	1150	1574	40
3152	294	1306	2008	40
3153	494	1684	1110	40
3154	214	1111	1685	40
3155	496	1112	1686	40
3156	497	1113	1687	40
3157	242	2021	1213	40
3158	262	1442	1735	40
3159	573	1823	1089	40
3160	271	1216	1460	40
3161	339	2075	1360	40
3162	694	1255	2050	40
3163	301	2050	1255	40
3164	303	1256	2052	40
3165	696	2052	1256	40
3166	304	1257	2053	40
3167	697	2053	1257	40
3168	870	1174	2116	40
3169	166	1217	1474	40
3170	542	1474	1217	40
3171	307	1194	1851	40
3172	309	1196	1853	40
3173	308	1195	1852	40
3174	310	1197	1854	40
3175	763	1360	2075	40
3176	682	1618	2067	40
3177	552	1241	1713	40
3178	553	1242	1714	40
3179	334	2026	1964	40
3180	508	1539	1167	40
3181	509	1540	1168	40
3182	510	1541	1169	40
3183	511	1542	1170	40
3184	168	1218	1479	40
3185	543	1479	1218	40
3186	618	1682	1961	40
3187	616	1960	1680	40
3188	268	1279	1393	40
3189	829	1955	1181	40
3190	830	1956	1182	40
3191	387	1630	1139	40
3192	355	2211	1477	40
3193	555	1302	1678	40
3194	265	1153	1958	40
3195	774	1274	1539	40
3196	775	1275	1540	40
3197	776	1276	1541	40
3198	777	1277	1542	40
3199	332	1652	1134	40
3200	684	1273	2081	40
3201	735	1085	2183	40
3202	737	1086	2184	40
3203	738	1087	2185	40
3204	741	1088	2186	40
3205	441	2222	1406	40
3206	191	1602	2012	40
3207	192	1603	2013	40
3208	331	1133	1672	40
3209	722	1850	2009	40
3210	276	1493	1824	40
3211	199	1788	1872	40
3212	200	1789	1873	40
3213	863	2019	1574	40
3214	299	1574	2019	40
3215	465	1279	1601	40
3216	597	1537	1185	40
3217	598	1538	1186	40
3218	354	2198	1435	40
3219	444	1539	1274	40
3220	445	1540	1275	40
3221	446	1541	1276	40
3222	447	1542	1277	40
3223	200	1380	1986	40
3224	530	1351	1886	40
3225	559	1285	1743	40
3226	706	1582	1489	40
3227	388	1489	1582	40
3228	707	1583	1490	40
3229	389	1490	1583	40
3230	533	1297	1832	40
3231	552	1475	2196	40
3232	553	1476	2197	40
3233	274	1978	1466	40
3234	275	1979	1467	40
3235	189	1179	1802	40
3236	608	1417	1604	40
3237	280	2100	1097	40
3238	452	2021	1318	40
3239	956	1161	1865	40
3240	465	1601	1298	40
3241	760	1308	1591	40
3242	465	1844	1117	40
3243	689	1142	1691	40
3244	690	1143	1692	40
3245	691	1693	1144	40
3246	692	1694	1145	40
3247	657	2218	1920	40
3248	341	1527	2121	40
3249	342	1528	2122	40
3250	883	2121	1527	40
3251	884	2122	1528	40
3252	211	1343	1427	40
3253	563	1427	1343	40
3254	212	1344	1428	40
3255	564	1428	1344	40
3256	366	2086	1984	40
3257	578	1310	1808	40
3258	814	1221	1716	40
3259	813	1222	1717	40
3260	815	1715	1223	40
3261	887	1914	1384	40
3262	538	1227	1579	40
3263	176	1462	1605	40
3264	241	1114	1863	40
3265	243	1115	1864	40
3266	453	1227	1591	40
3267	555	1787	1138	40
3268	283	1840	1655	40
3269	285	1656	1842	40
3270	286	1657	1843	40
3271	426	2033	1098	40
3272	268	1393	1588	40
3273	653	1588	1393	40
3274	279	1723	1488	40
3275	699	1488	1723	40
3276	569	1716	1221	40
3277	570	1717	1222	40
3278	567	1223	1715	40
3279	690	1975	1595	40
3280	689	1974	1594	40
3281	691	1596	1976	40
3282	692	1597	1977	40
3283	289	1119	1874	40
3284	132	133	1680	40
3285	93	94	1681	40
3286	30	31	1682	40
3287	69	70	1683	40
3288	281	1526	1553	40
3289	279	1488	1857	40
3290	886	2085	1469	40
3291	282	1371	1856	40
3292	589	1395	1448	40
3293	272	1448	1395	40
3294	461	1978	1107	40
3295	462	1979	1109	40
3296	245	1225	1628	40
3297	246	1226	1629	40
3298	284	1412	1611	40
3299	627	1611	1412	40
3300	557	1733	1487	40
3301	693	1792	2082	40
3302	169	1102	2062	40
3303	170	1103	2063	40
3304	406	2064	1104	40
3305	172	1105	2065	40
3306	166	2059	1353	40
3307	168	2060	1354	40
3308	549	1710	1368	40
3309	550	1711	1369	40
3310	358	1135	2015	40
3311	599	2015	1135	40
3312	551	1213	1599	40
3313	552	2196	1765	40
3314	553	2197	1766	40
3315	634	1560	1272	40
3316	510	1918	1232	40
3317	511	1919	1233	40
3318	261	1314	2014	40
3319	541	1778	1313	40
3320	424	1208	2178	40
3321	663	2178	1208	40
3322	425	1209	2179	40
3323	664	2179	1209	40
3324	551	1803	1213	40
3325	668	1130	1871	40
3326	670	1131	1872	40
3327	671	1132	1873	40
3328	541	1315	1778	40
3329	166	1365	2059	40
3330	168	1366	2060	40
3331	371	2224	2139	40
3332	820	1998	1851	40
3333	821	1999	1853	40
3334	825	2001	1854	40
3335	328	1879	1317	40
3336	658	1317	1879	40
3337	452	1599	1213	40
3338	625	1129	1899	40
3339	428	1291	1988	40
3340	666	1200	2206	40
3341	426	2206	1200	40
3342	427	2207	1201	40
3343	667	1201	2207	40
3344	909	2148	1575	40
3345	193	1575	2148	40
3346	910	2149	1576	40
3347	194	1576	2149	40
3348	554	1526	1244	40
3349	530	1886	1461	40
3350	226	2056	1122	40
3351	389	1559	1590	40
3352	662	1590	1559	40
3353	54	55	1753	40
3354	15	16	1754	40
3355	147	148	1755	40
3356	108	109	1756	40
3357	502	1738	1162	40
3358	503	1739	1164	40
3359	504	1740	1163	40
3360	505	1741	1165	40
3361	723	2102	1326	40
3362	201	1326	2102	40
3363	688	1441	1440	40
3364	506	1440	1441	40
3365	229	2057	2116	40
3366	281	1244	1526	40
3367	670	1788	1420	40
3368	504	1420	1788	40
3369	671	1789	1421	40
3370	505	1421	1789	40
3371	661	1303	1478	40
3372	270	1281	1495	40
3373	263	2036	1151	40
3374	264	2037	1152	40
3375	249	1579	1227	40
3376	560	1626	1284	40
3377	508	1167	1775	40
3378	509	1168	1776	40
3379	266	1154	2041	40
3380	372	1769	1292	40
3381	373	1770	1293	40
3382	375	1772	1295	40
3383	374	1771	1294	40
3384	577	2128	1495	40
3385	242	1213	1803	40
3386	538	1591	1227	40
3387	536	1179	1679	40
3388	279	1646	1875	40
3389	817	1875	1646	40
3390	485	1652	1402	40
3391	320	1919	1906	40
3392	1374	1928	2204	40
3393	1375	1930	2205	40
3394	1378	1924	2202	40
3395	1379	1925	2203	40
3396	510	1169	1750	40
3397	511	1170	1751	40
3398	394	1980	1618	40
3399	835	1618	1980	40
3400	279	1857	1646	40
3401	544	1175	1708	40
3402	429	1288	1985	40
3403	308	2000	1585	40
3404	824	1585	2000	40
3405	643	2062	2088	40
3406	644	2063	2091	40
3407	646	2065	2093	40
3408	331	2054	1133	40
3409	529	1767	1416	40
3410	332	1134	2101	40
3411	305	1899	1507	40
3412	181	1688	1626	40
3413	774	2023	1140	40
3414	775	2024	1141	40
3415	684	1654	1598	40
3416	566	1598	1654	40
3417	430	1166	1811	40
3418	763	2075	1137	40
3419	205	2055	1900	40
3420	32	33	1859	40
3421	71	72	1860	40
3422	130	131	1861	40
3423	91	92	1862	40
3424	559	1743	1744	40
3425	806	1744	1743	40
3426	764	1507	1453	40
3427	554	1296	1526	40
3428	513	1358	2005	40
3429	514	1359	2006	40
3430	323	1429	2028	40
3431	734	2028	1429	40
3432	324	1430	2029	40
3433	736	2029	1430	40
3434	783	1628	1225	40
3435	784	1629	1226	40
3436	542	1217	1649	40
3437	543	1218	1650	40
3438	552	1346	1934	40
3439	553	1347	1935	40
3440	453	1591	1308	40
3441	685	2046	1325	40
3442	179	1325	2046	40
3443	608	1604	1742	40
3444	795	1443	2105	40
3445	222	2105	1443	40
3446	651	1745	1177	40
3447	652	1746	1178	40
3448	568	1224	1638	40
3449	591	1396	1505	40
3450	273	1505	1396	40
3451	482	1270	1560	40
3452	160	1265	2219	40
3453	365	2190	1392	40
3454	935	1920	2218	40
3455	539	1564	1271	40
3456	533	1832	1496	40
3457	484	1452	1672	40
3458	36	37	1924	40
3459	75	76	1925	40
3460	153	154	1928	40
3461	9	10	1926	40
3462	126	127	1929	40
3463	114	115	1930	40
3464	48	49	1927	40
3465	87	88	1931	40
3466	136	137	2119	40
3467	97	98	2120	40
3468	26	27	2117	40
3469	65	66	2118	40
3470	856	1865	1161	40
3471	739	1438	2044	40
3472	202	1503	2171	40
3473	880	2040	1666	40
3474	306	1666	2040	40
3475	573	2096	1567	40
3476	384	2044	1438	40
3477	560	1352	1626	40
3478	855	1922	2072	40
3479	1232	2034	1577	40
3480	1233	2035	1578	40
3481	277	1983	1623	40
3482	843	1623	1983	40
3483	417	1225	2150	40
3484	418	1226	2151	40
3485	590	1504	1448	40
3486	592	1449	1505	40
3487	327	1316	1519	40
3488	328	1317	1520	40
3489	988	2139	2224	40
3490	454	1306	1566	40
3491	536	1802	1179	40
3492	734	1436	2042	40
3493	382	2042	1436	40
3494	736	1437	2043	40
3495	383	2043	1437	40
3496	740	1439	2045	40
3497	385	2045	1439	40
3498	363	2047	1622	40
3499	855	1622	2047	40
3500	732	1406	2222	40
3501	323	2183	1274	40
3502	324	2184	1275	40
3503	325	2185	1276	40
3504	326	2186	1277	40
3505	877	1906	1919	40
3506	859	1278	2105	40
3507	538	1579	1363	40
3508	261	2014	1494	40
3509	634	1403	1709	40
3510	333	1709	1403	40
3511	11	12	2108	40
3512	50	51	2109	40
3513	151	152	2110	40
3514	112	113	2111	40
3515	128	129	2112	40
3516	89	90	2113	40
3517	34	35	2114	40
3518	73	74	2115	40
3519	201	2133	1326	40
3520	810	1561	2010	40
3521	811	1562	2011	40
3522	837	1402	1652	40
3523	658	2076	1921	40
3524	518	2007	1349	40
3525	539	1309	1566	40
3526	394	1618	1658	40
3527	682	1658	1618	40
3528	529	1260	1636	40
3529	266	2041	1201	40
3530	395	1258	1647	40
3531	396	1259	1648	40
3532	178	1320	2076	40
3533	936	2076	1320	40
3534	198	2035	1564	40
3535	572	1529	1553	40
3536	620	1553	1529	40
3537	300	1592	1823	40
3538	885	2086	1326	40
3539	291	2003	1230	40
3540	292	2004	1231	40
3541	595	1298	1601	40
3542	513	2005	1458	40
3543	514	2006	1459	40
3544	263	1208	2036	40
3545	264	1209	2037	40
3546	251	1825	1210	40
3547	252	1826	1211	40
3548	250	1212	1827	40
3549	797	1728	1436	40
3550	799	1730	1438	40
3551	798	1729	1437	40
3552	800	1731	1439	40
3553	249	1855	1579	40
3554	708	1619	2056	40
3555	944	2220	1771	40
3556	190	2167	1175	40
3557	627	1175	2167	40
3558	711	1718	1742	40
3559	522	1851	1194	40
3560	524	1852	1195	40
3561	526	1853	1196	40
3562	528	1854	1197	40
3563	469	1670	1250	40
3564	666	2216	1398	40
3565	632	1988	1291	40
3566	883	1527	1602	40
3567	884	1528	1603	40
3568	189	2166	1179	40
3569	626	1179	2166	40
3570	504	1788	1219	40
3571	505	1789	1220	40
3572	552	1934	1475	40
3573	553	1935	1476	40
3574	319	1232	1918	40
3575	320	1233	1919	40
3576	631	1985	1288	40
3577	684	2081	1371	40
3578	973	1371	2081	40
3579	567	1715	1411	40
3580	569	1409	1716	40
3581	570	1410	1717	40
3582	181	1260	1688	40
3583	565	1283	2026	40
3584	448	1292	2087	40
3585	450	1294	2089	40
3586	449	1293	2090	40
3587	451	1295	2092	40
3588	581	1278	1887	40
3589	739	1181	1955	40
3590	740	1182	1956	40
3591	626	2022	1179	40
3592	936	1921	2076	40
3593	593	1353	2106	40
3594	594	1354	2107	40
3595	573	1228	1812	40
3596	705	1630	1581	40
3597	387	1581	1630	40
3598	573	1812	2096	40
3599	654	2095	1923	40
3600	561	2190	1706	40
3601	562	1235	1833	40
3602	589	1448	1504	40
3603	591	1505	1449	40
3604	205	1529	2055	40
3605	760	1627	1768	40
3606	180	1768	1627	40
3607	265	1958	1200	40
3608	427	1201	1959	40
3609	552	1765	1241	40
3610	553	1766	1242	40
3611	547	1216	1884	40
3612	608	1742	1718	40
3613	663	1382	2181	40
3614	664	1383	2182	40
3615	520	1453	1507	40
3616	424	1965	1208	40
3617	425	1966	1209	40
3618	12	1480	2108	40
3619	51	1481	2109	40
3620	766	2108	1480	40
3621	767	2109	1481	40
3622	768	1482	2110	40
3623	151	2110	1482	40
3624	112	2111	1483	40
3625	769	1483	2111	40
3626	561	1311	2165	40
3627	888	1795	1675	40
3628	255	1675	1795	40
3629	889	1796	1676	40
3630	256	1676	1796	40
3631	890	1673	1793	40
3632	253	1793	1673	40
3633	891	1674	1794	40
3634	254	1794	1674	40
3635	562	1370	2171	40
3636	340	1390	2155	40
3637	724	2155	1390	40
3638	609	1300	1696	40
3639	610	1301	1697	40
3640	852	1672	1452	40
3641	702	2055	1397	40
3642	572	1397	2055	40
3643	181	1626	1352	40
3644	393	1727	1981	40
3645	836	1981	1727	40
3646	394	1732	1980	40
3647	837	1980	1732	40
3648	616	1189	2170	40
3649	486	2170	1189	40
3650	518	1486	2007	40
3651	185	1807	1250	40
3652	577	1250	1807	40
3653	468	2095	1543	40
3654	828	1290	1810	40
3655	417	2150	1183	40
3656	418	2151	1184	40
3657	512	1289	1735	40
3658	222	2072	1922	40
3659	432	1230	1893	40
3660	433	1231	1894	40
3661	269	1543	1589	40
3662	654	1589	1543	40
3663	574	1381	1712	40
3664	724	2103	1432	40
3665	203	1432	2103	40
3666	295	1202	2143	40
3667	296	1204	2144	40
3668	297	1203	2145	40
3669	298	1205	2146	40
3670	565	2026	1351	40
3671	665	1735	1442	40
3672	659	1855	1237	40
3673	187	1808	1310	40
3674	643	2087	1292	40
3675	644	2090	1293	40
3676	645	2089	1294	40
3677	646	2092	1295	40
3678	368	2140	1960	40
3679	985	1960	2140	40
3680	370	1961	2138	40
3681	987	2138	1961	40
3682	426	1198	2206	40
3683	427	1199	2207	40
3684	464	1244	1850	40
3685	714	1924	1545	40
3686	715	1925	1546	40
3687	37	1545	1924	40
3688	76	1546	1925	40
3689	716	1928	1547	40
3690	154	1547	1928	40
3691	718	1548	1929	40
3692	126	1929	1548	40
3693	115	1549	1930	40
3694	719	1930	1549	40
3695	87	1931	1550	40
3696	721	1550	1931	40
3697	9	1926	1551	40
3698	48	1927	1552	40
3699	717	1551	1926	40
3700	720	1552	1927	40
3701	390	1451	2049	40
3702	329	1349	2007	40
3703	448	2087	1828	40
3704	920	1828	2087	40
3705	449	2090	1829	40
3706	921	1829	2090	40
3707	451	2092	1831	40
3708	923	1831	2092	40
3709	655	2219	1265	40
3710	424	2178	1206	40
3711	425	2179	1207	40
3712	229	2116	1214	40
3713	643	1292	1769	40
3714	644	1293	1770	40
3715	645	1294	1771	40
3716	646	1295	1772	40
3717	498	1593	1463	40
3718	592	2127	2002	40
3719	673	2038	1219	40
3720	675	2039	1220	40
3721	669	1571	1637	40
3722	631	1288	2019	40
3723	299	2019	1288	40
3724	327	2005	1358	40
3725	328	2006	1359	40
3726	817	2068	1432	40
3727	599	1858	2017	40
3728	914	2017	1858	40
3729	230	2210	1453	40
3730	764	1453	2210	40
3731	177	1319	2218	40
3732	935	2218	1319	40
3733	561	2165	1392	40
3734	1031	2168	1265	40
3735	204	1810	1290	40
3736	672	2034	1232	40
3737	674	2035	1233	40
3738	552	1713	1346	40
3739	553	1714	1347	40
3740	647	1897	1246	40
3741	648	1898	1247	40
3742	649	1248	1895	40
3743	650	1249	1896	40
3744	611	1792	1304	40
3745	167	1313	1778	40
3746	744	1605	1462	40
3747	472	1781	1310	40
3748	632	1291	2040	40
3749	306	2040	1291	40
3750	590	1967	1504	40
3751	668	1871	1491	40
3752	195	1491	1871	40
3753	343	1832	1297	40
3754	853	2101	1380	40
3755	843	1983	1790	40
3756	630	1790	1983	40
3757	261	1787	1314	40
3758	567	1411	1655	40
3759	569	1656	1409	40
3760	570	1657	1410	40
3761	590	2126	1967	40
3762	621	1530	1880	40
3763	622	1531	1881	40
3764	623	1882	1532	40
3765	624	1883	1533	40
3766	708	1856	1619	40
3767	655	1619	1856	40
3768	575	1321	2010	40
3769	576	1322	2011	40
3770	460	1228	2131	40
3771	1052	1360	2195	40
3772	452	2195	1360	40
3773	675	1986	1245	40
3774	670	1872	1788	40
3775	671	1873	1789	40
3776	836	1364	2054	40
3777	394	1658	2194	40
3778	862	2194	1658	40
3779	619	1683	2224	40
3780	531	1602	1527	40
3781	532	1603	1528	40
3782	276	1304	1849	40
3783	562	1876	1305	40
3784	378	1712	1381	40
3785	560	1777	1352	40
3786	473	1497	2079	40
3787	900	2079	1497	40
3788	474	1498	2080	40
3789	901	2080	1498	40
3790	477	1499	2077	40
3791	902	2077	1499	40
3792	478	1500	2078	40
3793	903	2078	1500	40
3794	807	1475	1934	40
3795	808	1476	1935	40
3796	413	1773	1508	40
3797	414	1774	1509	40
3798	551	1600	1803	40
3799	536	1565	1802	40
3800	908	1802	1565	40
3801	510	1750	1918	40
3802	511	1751	1919	40
3803	863	1848	2019	40
3804	631	2019	1848	40
3805	585	2072	1443	40
3806	544	1690	1422	40
3807	828	1810	2082	40
3808	334	1886	1351	40
3809	556	2180	1444	40
3810	592	2002	1449	40
3811	591	1449	2008	40
3812	293	2123	1504	40
3813	311	1411	1715	40
3814	313	1716	1409	40
3815	314	1717	1410	40
3816	627	1412	1724	40
3817	762	2018	1264	40
3818	645	2220	2064	40
3819	204	1290	2017	40
3820	651	1316	2129	40
3821	652	1317	2130	40
3822	341	2121	1805	40
3823	881	1805	2121	40
3824	342	2122	1806	40
3825	882	1806	2122	40
3826	639	1367	2201	40
3827	562	1833	1370	40
3828	219	2126	1404	40
3829	220	2127	1405	40
3830	632	2040	1869	40
3831	880	1869	2040	40
3832	599	1342	1858	40
3833	306	1858	1342	40
3834	970	2214	1972	40
3835	374	1972	2214	40
3836	375	1973	2215	40
3837	971	2215	1973	40
3838	635	1998	1814	40
3839	820	1814	1998	40
3840	636	1816	2000	40
3841	824	2000	1816	40
3842	637	1999	1818	40
3843	821	1818	1999	40
3844	638	2001	1820	40
3845	825	1820	2001	40
3846	817	1646	2153	40
3847	1026	2131	1323	40
3848	513	2181	1382	40
3849	514	2182	1383	40
3850	382	1436	1728	40
3851	383	1437	1729	40
3852	384	1438	1730	40
3853	385	1439	1731	40
3854	516	1353	2059	40
3855	517	1354	2060	40
3856	1058	1466	1978	40
3857	1059	1467	1979	40
3858	791	2161	1614	40
3859	346	1614	2161	40
3860	792	2162	1615	40
3861	347	1615	2162	40
3862	793	2163	1616	40
3863	350	1616	2163	40
3864	794	2164	1617	40
3865	351	1617	2164	40
3866	581	1637	1571	40
3867	683	1416	1767	40
3868	321	1456	1895	40
3869	649	1895	1456	40
3870	322	1457	1896	40
3871	650	1896	1457	40
3872	599	1290	2015	40
3873	701	1857	1645	40
3874	558	1645	1857	40
3875	599	2017	1290	40
3876	693	2082	1810	40
3877	468	1914	1362	40
3878	611	1824	1444	40
3879	556	1444	1824	40
3880	518	1398	2216	40
3881	415	1265	2168	40
3882	7	1936	1327	40
3883	46	1937	1328	40
3884	156	1329	1938	40
3885	117	1330	1939	40
3886	124	1940	1331	40
3887	85	1941	1332	40
3888	39	1333	1942	40
3889	78	1334	1943	40
3890	483	1341	2066	40
3891	776	1667	1747	40
3892	777	1668	1748	40
3893	795	2105	1278	40
3894	249	1445	1855	40
3895	673	1456	2038	40
3896	321	2038	1456	40
3897	322	2039	1457	40
3898	675	1457	2039	40
3899	229	1367	2057	40
3900	639	2057	1367	40
3901	894	1911	2050	40
3902	694	2050	1911	40
3903	695	2051	1912	40
3904	893	1912	2051	40
3905	895	2052	1909	40
3906	696	1909	2052	40
3907	697	1910	2053	40
3908	896	2053	1910	40
3909	703	1297	2058	40
3910	277	1487	1733	40
3911	321	1514	2038	40
3912	322	1515	2039	40
3913	537	2014	1314	40
3914	161	1934	1346	40
3915	162	1935	1347	40
3916	341	1696	1527	40
3917	342	1697	1528	40
3918	502	1512	1738	40
3919	503	1513	1739	40
3920	504	1514	1740	40
3921	505	1515	1741	40
3922	466	2085	1361	40
3923	765	1811	1534	40
3924	606	2033	1958	40
3925	603	1362	1914	40
3926	356	2010	1321	40
3927	357	2011	1322	40
3928	711	1742	1607	40
3929	702	1606	2020	40
3930	355	1477	1997	40
3931	508	1775	1516	40
3932	509	1776	1517	40
3933	915	1318	2021	40
3934	166	1474	1848	40
3935	631	1848	1474	40
3936	585	1622	2072	40
3937	468	1384	1914	40
3938	291	1649	2003	40
3939	292	1650	2004	40
3940	874	1738	1512	40
3941	875	1739	1513	40
3942	878	1740	1514	40
3943	879	1741	1515	40
3944	556	1635	2180	40
3945	625	1899	1431	40
3946	305	1431	1899	40
3947	600	1915	1435	40
3948	520	2104	1453	40
3949	830	2002	2127	40
3950	595	1508	1773	40
3951	596	1509	1774	40
3952	520	1464	2104	40
3953	333	1403	2018	40
3954	416	2173	2081	40
3955	973	2081	2173	40
3956	656	2025	1345	40
3957	656	1345	2032	40
3958	300	2082	1792	40
3959	829	1967	2126	40
3960	287	2129	1920	40
3961	288	2130	1921	40
3962	574	1933	1381	40
3963	204	1734	1810	40
3964	693	1810	1734	40
3965	723	1326	2086	40
3966	547	1884	1544	40
3967	656	1544	1884	40
3968	872	1516	1775	40
3969	873	1517	1776	40
3970	168	1479	1869	40
3971	632	1869	1479	40
3972	334	1351	2026	40
3973	860	1496	1832	40
3974	702	1900	2055	40
3975	179	2165	1311	40
3976	164	1444	2180	40
3977	466	2094	1393	40
3978	653	1393	2094	40
3979	556	1824	1493	40
3980	354	1435	1915	40
3981	625	1431	2221	40
3982	278	1450	1957	40
3983	642	1957	1450	40
3984	746	1342	2083	40
3985	267	1607	1742	40
3986	421	1447	1892	40
3987	625	1892	1447	40
3988	312	1724	1638	40
3989	244	2058	1563	40
3990	835	1762	1761	40
3991	582	1761	1762	40
3992	579	1757	1758	40
3993	833	1758	1757	40
3994	580	1759	1760	40
3995	834	1760	1759	40
3996	558	1857	1488	40
3997	734	1429	1962	40
3998	736	1430	1963	40
3999	680	1878	1763	40
4000	681	1764	1879	40
4001	561	1706	1707	40
4002	948	1707	1706	40
4003	575	2010	1561	40
4004	576	2011	1562	40
4005	516	2106	1353	40
4006	517	2107	1354	40
4007	755	1888	1480	40
4008	766	1480	1888	40
4009	756	1889	1481	40
4010	767	1481	1889	40
4011	768	1890	1482	40
4012	757	1482	1890	40
4013	769	1891	1483	40
4014	758	1483	1891	40
4015	398	1324	2201	40
4016	855	2072	1622	40
4017	1017	2059	1365	40
4018	1018	2060	1366	40
4019	621	1840	1594	40
4020	622	1841	1595	40
4021	623	1596	1842	40
4022	624	1597	1843	40
4023	809	1433	2061	40
4024	370	1415	1961	40
4025	618	1961	1415	40
4026	602	1361	2085	40
4027	278	1957	1416	40
4028	466	1361	2094	40
4029	468	1362	2095	40
4030	688	2217	1441	40
4031	232	1441	2217	40
4032	631	1474	2160	40
4033	842	1461	1886	40
4034	632	1479	2152	40
4035	587	1747	1667	40
4036	588	1748	1668	40
4037	886	1803	1600	40
4038	391	1413	2016	40
4039	466	1469	2085	40
4040	483	2066	1468	40
4041	678	1968	1620	40
4042	376	1620	1968	40
4043	679	1969	1621	40
4044	377	1621	1969	40
4045	620	2016	1413	40
4046	311	2022	1411	40
4047	626	1411	2022	40
4048	578	1809	2025	40
4049	702	2020	1900	40
4050	654	1543	2095	40
4051	925	1809	1808	40
4052	578	1808	1809	40
4053	371	1651	2224	40
4054	283	1594	1840	40
4055	284	1595	1841	40
4056	285	1842	1596	40
4057	286	1843	1597	40
4058	202	2171	1370	40
4059	1004	1494	2014	40
4060	724	1390	2103	40
4061	767	1889	1908	40
4062	316	1908	1889	40
4063	317	1890	1903	40
4064	768	1903	1890	40
4065	294	1449	2002	40
4066	1060	1804	1845	40
4067	530	1461	1987	40
4068	294	2008	1449	40
4069	839	1458	2005	40
4070	840	1459	2006	40
4071	378	1385	2169	40
4072	601	1997	1477	40
4073	702	1397	2128	40
4074	724	1432	2068	40
4075	590	1404	2126	40
4076	592	1405	2127	40
4077	479	1378	2202	40
4078	475	1374	2204	40
4079	480	1379	2203	40
4080	476	1375	2205	40
4081	196	1577	2034	40
4082	198	1578	2035	40
4083	1031	2188	1451	40
4084	1230	2003	1893	40
4085	1231	2004	1894	40
4086	293	1504	1967	40
4087	851	2007	1486	40
4088	666	2158	2216	40
4089	663	2181	2148	40
4090	664	2182	2149	40
4091	571	2049	1451	40
4092	289	1874	1677	40
4093	1011	1677	1874	40
4094	561	1392	2190	40
4095	217	1962	1535	40
4096	218	1963	1536	40
4097	222	1443	2072	40
4098	701	1646	1857	40
4099	717	1995	1551	40
4100	926	1551	1995	40
4101	720	1996	1552	40
4102	927	1552	1996	40
4103	714	1545	1989	40
4104	932	1989	1545	40
4105	715	1546	1990	40
4106	933	1990	1546	40
4107	928	1991	1547	40
4108	716	1547	1991	40
4109	718	1992	1548	40
4110	929	1993	1549	40
4111	930	1548	1992	40
4112	719	1549	1993	40
4113	931	1550	1994	40
4114	721	1994	1550	40
4115	337	1944	2196	40
4116	897	2196	1944	40
4117	338	1945	2197	40
4118	898	2197	1945	40
4119	751	2134	1719	40
4120	207	1719	2134	40
4121	752	2135	1720	40
4122	209	1720	2135	40
4123	208	1721	2136	40
4124	753	2136	1721	40
4125	210	1722	2137	40
4126	754	2137	1722	40
4127	779	1468	2066	40
4128	656	2032	1544	40
4129	206	1544	2032	40
4130	577	1606	2128	40
4131	702	2128	1606	40
4132	280	1612	2100	40
4133	760	1768	2123	40
4134	589	2123	1768	40
4135	687	2104	1464	40
4136	368	1454	2140	40
4137	647	2140	1454	40
4138	369	1455	2141	40
4139	648	2141	1455	40
4140	667	2159	1506	40
4141	197	1506	2159	40
4142	175	2061	1496	40
4143	515	2221	1431	40
4144	621	1594	1974	40
4145	622	1595	1975	40
4146	623	1976	1596	40
4147	624	1977	1597	40
4148	542	2160	1474	40
4149	486	1445	2170	40
4150	206	2027	1544	40
4151	221	2073	1633	40
4152	698	1633	2073	40
4153	223	2074	1634	40
4154	699	1634	2074	40
4155	543	2152	1479	40
4156	657	1878	2218	40
4157	656	1568	2025	40
4158	578	2025	1568	40
4159	742	2154	1916	40
4160	743	2155	1917	40
4161	572	2055	1529	40
4162	571	1845	1804	40
4163	900	1947	1946	40
4164	612	1946	1947	40
4165	901	1949	1948	40
4166	613	1948	1949	40
4167	614	1951	1950	40
4168	902	1950	1951	40
4169	903	1953	1952	40
4170	615	1952	1953	40
4171	600	1834	1915	40
4172	513	1458	2181	40
4173	514	1459	2182	40
4174	651	2129	1745	40
4175	652	2130	1746	40
4176	358	1567	2096	40
4177	589	1504	2123	40
4178	337	2196	1475	40
4179	338	2197	1476	40
4180	657	1763	1878	40
4181	658	1879	1764	40
4182	1201	2041	1959	40
4183	352	2020	1606	40
4184	849	2174	1501	40
4185	850	2175	1502	40
4186	644	2091	2090	40
4187	921	2090	2091	40
4188	643	2088	2087	40
4189	920	2087	2088	40
4190	923	2092	2093	40
4191	646	2093	2092	40
4192	658	1764	2076	40
4193	518	2216	1486	40
4194	293	1967	1779	40
4195	829	1779	1967	40
4196	1208	1965	2036	40
4197	1209	1966	2037	40
4198	876	1918	1750	40
4199	877	1919	1751	40
4200	709	1877	1964	40
4201	1179	2022	1679	40
4202	625	2221	1892	40
4203	294	2002	1780	40
4204	830	1780	2002	40
4205	899	1915	1834	40
4206	311	1679	2022	40
4207	801	2100	1612	40
4208	378	2097	1712	40
4209	949	1726	2046	40
4210	442	2223	1725	40
4211	733	1725	2223	40
4212	393	2187	1727	40
4213	726	1727	2187	40
4214	631	2160	1985	40
4215	179	2046	1726	40
4216	394	2194	1732	40
4217	727	1732	2194	40
4218	632	2152	1988	40
4219	136	2119	1911	40
4220	97	2120	1912	40
4221	27	1909	2117	40
4222	66	1910	2118	40
4223	203	2103	1744	40
4224	701	2153	1646	40
4225	703	1964	1877	40
4226	940	2180	1635	40
4227	161	1644	2174	40
4228	162	1645	2175	40
4229	516	1736	2106	40
4230	517	1737	2107	40
4231	1016	1892	2221	40
4232	665	1712	2097	40
4233	178	2076	1764	40
4234	703	2176	1964	40
4235	980	2106	1736	40
4236	981	2107	1737	40
4237	593	1893	2003	40
4238	594	1894	2004	40
4239	619	2224	1651	40
4240	287	1745	2129	40
4241	288	1746	2130	40
4242	897	1765	2196	40
4243	898	1766	2197	40
4244	803	1900	2020	40
4245	796	2096	1812	40
4246	907	1791	2147	40
4247	364	2147	1791	40
4248	716	2204	1928	40
4249	719	2205	1930	40
4250	714	2202	1924	40
4251	715	2203	1925	40
4252	607	1959	2041	40
4253	604	2036	1965	40
4254	605	2037	1966	40
4255	367	1917	2068	40
4256	724	2068	1917	40
4257	723	2086	1916	40
4258	735	2028	2042	40
4259	737	2029	2043	40
4260	739	2044	2030	40
4261	741	2031	2045	40
4262	645	1771	2220	40
4263	366	1916	2086	40
4264	734	2042	2028	40
4265	736	2043	2029	40
4266	738	2030	2044	40
4267	740	2045	2031	40
4268	697	2118	1910	40
4269	696	2117	1909	40
4270	695	1912	2120	40
4271	694	1911	2119	40
4272	723	1916	2154	40
4273	724	1917	2155	40
4274	735	2183	2028	40
4275	737	2184	2029	40
4276	738	2185	2030	40
4277	741	2186	2031	40
4278	1021	1988	2152	40
4279	1027	1985	2160	40
4280	177	2218	1878	40
4281	334	1964	2176	40
4282	796	2177	2096	40
4283	358	2096	2177	40
4284	323	2028	2183	40
4285	324	2029	2184	40
4286	325	2030	2185	40
4287	326	2031	2186	40
