0	0	0
1	20	0
2	0	20
3	20	20
4	0.5	0
5	1	0
6	1.5	0
7	2	0
8	2.5	0
9	3	0
10	3.5	0
11	4	0
12	4.5	0
13	5	0
14	5.5	0
15	6	0
16	6.5	0
17	7	0
18	7.5	0
19	8	0
20	8.5	0
21	9	0
22	9.5	0
23	10	0
24	10.5	0
25	11	0
26	11.5	0
27	12	0
28	12.5	0
29	13	0
30	13.5	0
31	14	0
32	14.5	0
33	15	0
34	15.5	0
35	16	0
36	16.5	0
37	17	0
38	17.5	0
39	18	0
40	18.5	0
41	19	0
42	19.5	0
43	20	0.5
44	20	1
45	20	1.5
46	20	2
47	20	2.5
48	20	3
49	20	3.5
50	20	4
51	20	4.5
52	20	5
53	20	5.5
54	20	6
55	20	6.5
56	20	7
57	20	7.5
58	20	8
59	20	8.5
60	20	9
61	20	9.5
62	20	10
63	20	10.5
64	20	11
65	20	11.5
66	20	12
67	20	12.5
68	20	13
69	20	13.5
70	20	14
71	20	14.5
72	20	15
73	20	15.5
74	20	16
75	20	16.5
76	20	17
77	20	17.5
78	20	18
79	20	18.5
80	20	19
81	20	19.5
82	19.5	20
83	19	20
84	18.5	20
85	18	20
86	17.5	20
87	17	20
88	16.5	20
89	16	20
90	15.5	20
91	15	20
92	14.5	20
93	14	20
94	13.5	20
95	13	20
96	12.5	20
97	12	20
98	11.5	20
99	11	20
100	10.5	20
101	10	20
102	9.5	20
103	9	20
104	8.5	20
105	8	20
106	7.5	20
107	7	20
108	6.5	20
109	6	20
110	5.5	20
111	5	20
112	4.5	20
113	4	20
114	3.5	20
115	3	20
116	2.5	20
117	2	20
118	1.5	20
119	1	20
120	0.5	20
121	0	19.5
122	0	19
123	0	18.5
124	0	18
125	0	17.5
126	0	17
127	0	16.5
128	0	16
129	0	15.5
130	0	15
131	0	14.5
132	0	14
133	0	13.5
134	0	13
135	0	12.5
136	0	12
137	0	11.5
138	0	11
139	0	10.5
140	0	10
141	0	9.5
142	0	9
143	0	8.5
144	0	8
145	0	7.5
146	0	7
147	0	6.5
148	0	6
149	0	5.5
150	0	5
151	0	4.5
152	0	4
153	0	3.5
154	0	3
155	0	2.5
156	0	2
157	0	1.5
158	0	1
159	0	0.5
160	9.93401	9.96087
161	5.85714	5.85714
162	14.1429	5.85714
163	5.89267	14.1616
164	14.1238	14.2516
165	4.39373	10
166	9.97831	4.39051
167	9.96397	15.5934
168	15.6102	9.97831
169	3.43075	3.43075
170	16.5693	3.43075
171	3.40726	16.5678
172	16.5693	16.5693
173	7.23337	8.684
174	11.3553	7.106
175	8.59823	12.8715
176	12.8515	11.3134
177	7.23529	3.07064
178	16.9359	7.22709
179	3.06026	7.20796
180	3.10509	12.741
181	7.20615	16.9197
182	12.7865	16.9507
183	12.8487	3.16571
184	16.8691	12.8402
185	8.35072	6.39605
186	6.62911	11.1364
187	13.6049	8.34809
188	11.174	13.3235
189	2.24869	9.3097
190	9.31838	17.7284
191	9.31394	2.2839
192	17.7161	9.31394
193	5.24524	2.22058
194	17.7794	5.24524
195	2.20588	5.22906
196	2.19463	14.7411
197	5.29437	17.781
198	14.7394	17.8091
199	14.7552	2.12245
200	17.826	14.7819
201	5.09338	7.97354
202	7.93496	14.8642
203	11.9842	5.07021
204	14.8997	11.9629
205	9.50857	8.04341
206	12.0082	9.52753
207	2.1389	1.99576
208	1.99576	17.8611
209	18.0042	2.1389
210	17.8611	18.0042
211	4.8762	12.2958
212	12.2958	15.1238
213	1.93263	11.223
214	11.223	18.0674
215	11.223	1.93263
216	18.0674	11.223
217	5.14205	4.15306
218	15.8469	5.14205
219	4.21845	14.8148
220	14.8149	15.7815
221	4.00774	5.58275
222	5.64329	16.0428
223	14.4172	4.00774
224	15.9923	14.4172
225	8.18628	10.1613
226	10.181	11.7764
227	7.35691	4.73394
228	15.2661	7.35691
229	10.0721	6.06543
230	6.79471	12.8271
231	13.9092	10.0665
232	12.8481	13.0024
233	3.72083	1.66736
234	18.3326	3.72083
235	1.6943	3.54163
236	3.63607	18.3417
237	1.66758	16.2781
238	16.2781	18.3324
239	16.4584	1.6943
240	18.3057	16.4584
241	6.91563	7.00725
242	5.96748	9.71516
243	12.9927	6.91563
244	9.77343	13.9712
245	7.84135	1.52324
246	18.4768	7.84135
247	1.60906	7.81488
248	7.82234	18.3941
249	1.56142	13.3809
250	13.3094	18.4226
251	13.4302	1.4987
252	18.4093	13.2348
253	3.50545	11.2925
254	11.2925	16.4946
255	11.3306	3.4965
256	16.5037	11.3305
257	8.57714	3.87273
258	16.1273	8.57714
259	3.65588	8.65946
260	8.65635	16.3685
261	11.3609	10.8724
262	10.86	8.56302
263	6.38384	1.43982
264	18.5602	6.38384
265	1.44105	6.37804
266	6.38411	18.56
267	8.01356	11.5794
268	5.27072	10.9742
269	10.9837	14.6967
270	8.23895	7.67762
271	12.2301	8.23285
272	4.30635	13.501
273	13.498	15.6934
274	8.91248	5.08744
275	14.9126	8.91248
276	15.254	13.3444
277	4.80473	6.64434
278	6.70607	15.6131
279	13.3698	4.7847
280	11.7637	12.1469
281	8.57974	8.96229
282	9.13527	11.0679
283	1.27178	10.1288
284	10.1319	18.6951
285	10.1288	1.27178
286	18.7282	10.1288
287	6.46004	4.10368
288	15.8963	6.46004
289	3.14674	10.1145
290	10.0628	16.9191
291	10.1113	3.11144
292	16.8886	10.1113
293	3.08941	14.0314
294	14.018	16.9126
295	3.23094	4.65173
296	15.3483	3.23094
297	4.63438	16.7568
298	16.7691	15.3483
299	10.8729	5.25208
300	14.0511	12.9413
301	1.24321	12.1363
302	12.1634	18.7881
303	12.1941	1.39231
304	18.6077	12.1941
305	7.04728	14.0413
306	14.7879	10.881
307	1.20921	1.17891
308	1.24443	18.8387
309	18.8211	1.20921
310	18.7908	18.8211
311	1.15707	8.90538
312	8.88236	18.8653
313	8.87353	1.20129
314	18.7987	8.87353
315	4.64735	1.16964
316	18.7916	4.73577
317	1.21001	4.73502
318	4.64712	18.8299
319	1.15915	15.3534
320	15.1767	18.7586
321	15.2913	1.16229
322	18.8377	15.2913
323	4.57653	3.05487
324	16.9451	4.57653
325	3.12213	15.4508
326	15.4508	16.8779
327	5.99024	2.92423
328	17.0718	5.98718
329	2.95958	6.06056
330	6.06056	17.0404
331	13.9442	2.9798
332	16.9691	13.8545
333	5.04281	9.16071
334	9.09557	14.9893
335	7.15486	9.76463
336	9.79759	12.8814
337	6.91122	5.83022
338	14.1698	6.91122
339	6.27151	8.05072
340	11.975	6.28972
341	8.27691	2.75297
342	17.247	8.27691
343	8.57294	13.9319
344	2.65805	1.11632
345	18.8837	2.65805
346	1.17539	2.77275
347	2.77275	18.8246
348	1.11632	17.342
349	17.342	18.8837
350	17.2273	1.17539
351	18.8246	17.2273
352	9.4121	6.86396
353	13.0863	9.30759
354	12.2069	4.02056
355	15.8851	12.1635
356	6.20174	12.072
357	12.0596	13.8326
358	13.7747	11.8696
359	2.65849	8.16651
360	8.2465	17.3967
361	5.0169	5.15071
362	14.8493	5.0169
363	5.16347	14.9686
364	14.9991	14.8245
365	4.03635	7.66456
366	5.82556	7.00819
367	12.9918	5.82556
368	1.11957	14.1997
369	14.2487	18.9512
370	14.2458	1.06713
371	18.8606	14.2851
372	2.96207	2.47835
373	17.5216	2.96207
374	2.45875	17.1682
375	17.1682	17.5413
376	4.00692	12.0588
377	12.0588	15.9931
378	10.2994	7.35021
379	12.6825	10.2675
380	5.76168	13.0178
381	13.0181	14.2381
382	4.0565	4.12831
383	15.8717	4.0565
384	4.1481	15.9411
385	15.9435	15.8717
386	2.11666	12.2679
387	12.1938	17.7985
388	12.2652	2.23998
389	17.7014	12.2721
390	10.9952	9.98221
391	9.92162	8.98509
392	3.82582	6.54634
393	13.5361	3.94623
394	16.1856	13.4504
395	6.43608	5.01133
396	14.9887	6.43608
397	9.26803	12.0678
398	10.9922	6.26158
399	1.0014	11.2948
400	11.3197	19.0531
401	11.2948	1.0014
402	18.9986	11.2948
403	7.81959	15.8549
404	7.7416	13.2873
405	2.59027	3.9792
406	3.90428	17.4356
407	16.0208	2.59027
408	17.4097	16.0208
409	2.19729	10.3223
410	10.3223	17.8027
411	10.3223	2.19729
412	17.8027	10.3223
413	4.56162	11.4542
414	11.4542	15.4384
415	10.415	10.8892
416	8.94393	9.71045
417	7.01396	2.04779
418	17.9522	7.01396
419	2.0748	7.02474
420	7.03174	17.9276
421	5.91496	15.093
422	7.63412	3.9044
423	16.0956	7.63412
424	5.55501	0.88882
425	19.1112	5.55501
426	0.875803	5.55034
427	5.5551	19.1106
428	15.6134	11.3674
429	11.369	4.38462
430	10.9866	12.4615
431	13.62	10.8793
432	9.08665	3.1065
433	16.8935	9.08665
434	7.22488	0.925839
435	19.0742	7.22488
436	0.928375	7.22652
437	7.22652	19.0716
438	8.02536	5.52163
439	14.4784	8.02536
440	7.15173	11.8777
441	4.91867	14.0842
442	14.0848	15.0649
443	7.5057	10.7805
444	3.94343	2.5352
445	17.4648	3.94343
446	2.52939	16.2135
447	16.2135	17.4706
448	2.22939	2.81783
449	17.1822	2.22939
450	2.87105	17.8902
451	17.7706	17.1822
452	5.92412	8.8831
453	2.20955	13.9074
454	13.4579	17.5538
455	9.16103	5.97751
456	9.76421	5.27113
457	14.0543	9.1006
458	14.7314	9.7653
459	11.93	12.966
460	12.6644	12.192
461	8.20023	4.65106
462	15.3489	8.20023
463	7.83661	12.4592
464	7.75628	9.27478
465	5.24155	10.1724
466	6.0503	10.5597
467	10.1167	14.7538
468	10.5529	13.9502
469	7.79502	7.03513
470	7.31551	7.76485
471	12.1829	7.33592
472	12.9733	7.77025
473	3.75	0.814238
474	19.1895	3.81066
475	0.892519	3.86163
476	3.72204	19.1715
477	0.814238	16.25
478	16.1893	19.1895
479	16.1384	0.892519
480	19.1075	16.1384
481	4.46079	8.41548
482	3.69352	9.54186
483	9.27207	16.9199
484	13.9724	2.13338
485	17.585	13.3029
486	0.782232	12.9232
487	12.9266	19.1666
488	12.9266	0.833429
489	19.1666	12.9266
490	8.11405	0.825652
491	19.1743	8.11405
492	0.932882	8.08271
493	8.10042	19.0998
494	2.77643	10.9446
495	10.9466	17.2298
496	10.9446	2.77643
497	17.2236	10.9446
498	3.00948	11.9447
499	12.0455	16.9611
500	11.964	3.01725
501	16.9813	11.9725
502	1.93549	4.42495
503	4.42495	18.0645
504	15.5751	1.93549
505	18.0645	15.5751
506	13.4962	13.5517
507	10.987	11.6102
508	4.42969	1.933
509	18.067	4.42969
510	1.91192	15.5838
511	15.5838	18.0881
512	11.495	8.00634
513	6.11243	2.1912
514	17.8088	6.11243
515	7.0996	14.8601
516	9.18105	4.4077
517	15.5923	9.18105
518	2.18521	6.11428
519	6.10822	17.836
520	6.43286	13.4717
521	1.94491	0.806812
522	0.810649	1.904
523	19.1932	1.94491
524	1.904	19.1894
525	0.806812	18.0551
526	18.096	0.810649
527	18.0551	19.1932
528	19.1894	18.096
529	6.53974	16.386
530	9.19959	15.7561
531	8.53826	1.98989
532	18.0101	8.53826
533	9.11652	13.3766
534	13.1035	2.32999
535	18.0076	13.9873
536	1.89334	8.58082
537	11.9558	11.4223
538	2.31922	13.0803
539	14.0236	18.0699
540	3.80751	10.5609
541	10.5606	16.181
542	10.547	3.8149
543	16.1852	10.5469
544	8.57596	18.1185
545	5.27382	3.27658
546	16.7234	5.27382
547	11.5869	8.87313
548	3.00393	9.0845
549	5.68032	4.72531
550	15.2747	5.68032
551	6.61185	9.19139
552	6.40738	6.4099
553	13.5901	6.40738
554	7.96173	8.47898
555	11.8667	10.2866
556	14.9104	14.0775
557	5.09472	5.9183
558	14.076	5.0838
559	11.4876	5.7002
560	7.9433	16.6809
561	3.35277	7.93004
562	7.79491	14.1335
563	4.93506	13.0767
564	13.0767	15.0649
565	8.49819	15.4629
566	8.40352	10.9268
567	0.758919	9.62095
568	9.61286	19.2212
569	9.62095	0.758919
570	19.2411	9.62095
571	10.6418	9.2557
572	8.72967	8.24219
573	13.4134	12.5343
574	10.2477	8.11002
575	5.46512	11.7381
576	11.7381	14.5349
577	8.54061	7.09072
578	12.9141	8.54613
579	3.28406	5.3838
580	14.6162	3.28406
581	5.35069	17.0533
582	16.7159	14.6162
583	4.31211	4.89909
584	15.1009	4.31211
585	4.89093	15.6884
586	15.6879	15.1009
587	2.90237	14.758
588	14.7322	17.081
589	3.57082	13.3612
590	3.87968	14.0655
591	13.4364	16.5203
592	14.0649	16.1189
593	9.57972	3.7742
594	16.2258	9.57972
595	4.65098	10.6634
596	10.6672	15.3385
597	7.58493	6.31199
598	13.6875	7.58166
599	14.4002	11.4886
600	12.6439	4.68366
601	15.4316	12.6811
602	6.81174	10.5169
603	10.4526	13.2058
604	6.2924	0.700279
605	19.2997	6.2924
606	0.736645	6.39541
607	6.2924	19.2997
608	8.49814	12.113
609	7.74023	2.30673
610	17.6933	7.74023
611	14.5145	13.4971
612	2.83976	1.73843
613	18.2616	2.83976
614	1.73843	17.1602
615	17.1602	18.2616
616	0.701189	13.6267
617	13.6819	19.3275
618	13.6255	0.712261
619	19.2906	13.626
620	9.24564	8.80034
621	0.70667	10.5129
622	10.5129	19.2933
623	10.5129	0.70667
624	19.2933	10.5129
625	6.44091	14.4286
626	1.53689	9.46163
627	9.48433	18.4362
628	9.50679	1.57498
629	18.425	9.50679
630	4.72771	7.34826
631	10.6919	4.53785
632	15.4637	10.6907
633	9.73425	16.2675
634	4.31835	9.10291
635	0.764737	0.65929
636	0.764737	19.3407
637	19.3407	0.764737
638	19.2353	19.3407
639	10.4404	6.66794
640	7.85229	3.33265
641	16.6673	7.85229
642	7.2601	16.2361
643	2.75319	3.22186
644	16.7781	2.75319
645	3.15562	17.21
646	17.2468	16.7781
647	0.667913	14.8247
648	14.8247	19.3321
649	14.8662	0.670688
650	19.3293	14.8662
651	5.86404	3.74602
652	16.254	5.86404
653	5.95824	11.2537
654	11.2501	14.0273
655	9.7671	10.6531
656	12.3126	8.94013
657	6.5572	3.40458
658	16.597	6.5473
659	1.72517	12.6414
660	12.8194	18.3566
661	12.6245	1.63092
662	18.3692	12.7101
663	5.71868	1.60908
664	18.3909	5.71868
665	10.83	7.81294
666	1.60737	5.71811
667	5.69454	18.3732
668	2.62171	4.67781
669	4.66736	17.4327
670	15.3249	2.64611
671	17.3539	15.3249
672	1.50085	14.7486
673	14.7658	1.63222
674	14.7486	18.4991
675	18.5006	14.7325
676	7.65578	17.5278
677	13.2367	9.9896
678	4.35741	12.7778
679	12.7778	15.6426
680	6.67545	2.69983
681	17.3112	6.66364
682	15.6767	13.8272
683	6.32242	15.7535
684	8.85711	10.4093
685	2.73621	6.62612
686	6.65477	17.2558
687	6.31666	12.8239
688	12.7873	13.7016
689	1.43391	10.8686
690	10.7625	18.5623
691	10.8686	1.43391
692	18.5661	10.8686
693	14.6994	12.7704
694	0.670553	11.6957
695	11.6909	19.3156
696	11.6957	0.670553
697	19.3294	11.6957
698	4.3001	6.18798
699	13.798	4.28115
700	5.62579	6.44226
701	13.5762	5.5166
702	9.01634	7.58232
703	9.15119	14.3275
704	2.48563	11.5778
705	11.5778	17.5144
706	11.5778	2.48563
707	17.5144	11.5778
708	9.72966	11.3333
709	8.50469	14.5856
710	2.44483	7.57009
711	8.74483	11.315
712	6.91918	4.26088
713	15.7391	6.91918
714	16.8777	0.624518
715	19.3755	16.8777
716	0.624518	3.12234
717	3.12204	0.64012
718	0.64012	16.878
719	3.12234	19.3755
720	19.3599	3.12204
721	16.878	19.3599
722	8.42862	9.675
723	5.70898	7.65999
724	12.3515	5.72627
725	11.2938	9.31728
726	12.7984	3.71216
727	16.2893	12.7977
728	3.56108	4.07411
729	15.9259	3.56108
730	4.11142	16.4153
731	16.4389	15.9259
732	5.48041	13.7282
733	13.7389	14.5298
734	4.65525	3.71855
735	4.08182	3.49039
736	16.2815	4.65525
737	16.5096	4.08182
738	3.49031	15.9184
739	3.75076	15.3362
740	15.3362	16.2492
741	15.9182	16.5096
742	6.44711	7.36574
743	12.6343	6.44711
744	12.2127	10.776
745	1.60838	13.9452
746	14.2283	10.6087
747	1.68794	11.8228
748	11.7974	18.2664
749	11.7776	1.66008
750	18.3399	11.7776
751	1.68401	1.31434
752	18.6857	1.68401
753	1.3237	18.3228
754	18.316	18.6857
755	5.05711	0.622343
756	19.3777	5.05711
757	0.62193	5.05694
758	5.05714	19.3775
759	14.2656	17.4715
760	2.86313	13.4278
761	10.602	5.78951
762	5.36303	8.47858
763	6.56887	8.53231
764	7.22899	13.5401
765	10.2415	12.4336
766	4.34638	0.611034
767	19.4043	4.257
768	0.609419	4.26549
769	4.34638	19.389
770	0.611034	15.6536
771	15.7106	19.3933
772	15.7022	0.620385
773	19.3796	15.7022
774	4.65299	2.49433
775	17.5057	4.65299
776	2.50791	15.315
777	15.315	17.4921
778	2.61151	9.8387
779	9.82019	17.3966
780	9.81	2.61874
781	17.3813	9.81
782	12.7991	17.5472
783	7.08383	1.47583
784	18.5242	7.08383
785	1.50885	7.08557
786	7.07434	18.4883
787	3.5886	12.8646
788	12.7905	16.2961
789	7.40931	5.55952
790	14.4405	7.40931
791	1.41511	2.14636
792	2.14636	18.5849
793	17.8536	1.41511
794	18.5849	17.8536
795	5.22429	16.6159
796	13.0809	11.7992
797	4.83809	4.65564
798	15.3444	4.83809
799	4.63027	15.3011
800	15.3006	15.3704
801	11.4083	12.7486
802	13.0529	10.7714
803	9.71888	7.50732
804	12.5102	9.67673
805	3.76321	7.188
806	11.4699	5.04474
807	6.4921	5.61582
808	14.3842	6.4921
809	9.33514	12.5864
810	5.61988	12.4935
811	12.4935	14.3801
812	9.65178	9.45432
813	19.5343	8.7651
814	8.7651	0.465679
815	0.465679	8.7651
816	8.75	19.438
817	12.8889	5.19972
818	8.55218	5.71139
819	14.2939	8.54211
820	0.4938	1.34477
821	18.6552	0.4938
822	1.27908	0.570086
823	1.27908	19.4299
824	0.504071	18.6592
825	19.5062	18.6552
826	19.4299	1.27908
827	18.7209	19.4299
828	14.1221	12.3317
829	3.50954	14.602
830	14.6026	16.4914
831	7.54033	10.1553
832	7.30403	11.3145
833	3.47517	6.08847
834	14.023	3.50965
835	16.4366	14.0033
836	13.2772	3.18287
837	16.8268	13.378
838	7.48919	15.4312
839	5.50961	2.706
840	17.294	5.50961
841	4.91669	9.72317
842	9.64592	15.0736
843	4.19163	6.92393
844	10.9438	10.4911
845	1.51751	2.97321
846	3.01907	18.4176
847	17.0268	1.51751
848	18.4825	17.0268
849	5.6171	5.27328
850	14.7267	5.6171
851	2.709	5.51514
852	14.4808	2.73717
853	17.2924	14.527
854	6.54028	11.8239
855	5.55351	15.3872
856	11.4494	6.64002
857	4.52487	11.9897
858	11.9897	15.4751
859	5.97438	16.4467
860	8.37513	13.2835
861	8.86035	17.3504
862	15.5752	13.0312
863	10.2352	5.07088
864	3.72386	4.98401
865	15.016	3.72386
866	16.2761	15.016
867	4.61954	5.57219
868	14.4274	4.61885
869	15.3803	14.4248
870	9.83179	6.66045
871	13.9011	1.52999
872	4.11215	1.32816
873	18.6958	4.05939
874	1.28583	4.10015
875	4.17749	18.6956
876	1.30832	15.8935
877	15.9424	18.6986
878	15.8999	1.28583
879	18.7142	15.8999
880	14.9367	10.2328
881	8.61996	3.40351
882	16.5965	8.61996
883	8.93853	2.62021
884	17.3798	8.93853
885	5.14095	7.01025
886	6.4638	9.91685
887	9.94036	13.4175
888	10.6084	3.25235
889	16.7477	10.6084
890	3.2548	10.6131
891	10.617	16.7436
892	13.0324	4.47795
893	12.4748	19.4026
894	0.591353	12.4744
895	12.4748	0.597447
896	19.4026	12.4748
897	7.11781	6.51776
898	13.4822	7.11781
899	11.9656	4.56437
900	3.14982	1.12355
901	18.8764	3.14982
902	1.12355	16.8502
903	16.8502	18.8764
904	11.8902	3.69979
905	16.3201	11.8781
906	4.6231	14.4376
907	14.494	15.3967
908	2.58793	8.83367
909	4.98876	1.49014
910	18.5034	5.00349
911	1.61246	4.99189
912	4.98862	18.389
913	15.4447	11.9623
914	14.9573	11.5224
915	5.44967	9.47053
916	5.66659	14.6164
917	8.39578	1.44668
918	18.5533	8.39578
919	17.4886	12.7806
920	2.13079	3.48133
921	16.5187	2.13079
922	3.59364	17.7776
923	17.8692	16.5187
924	9.01642	6.54017
925	13.4955	9.03301
926	2.42792	0.652187
927	19.3478	2.42792
928	0.574951	2.43272
929	2.43272	19.425
930	0.652187	17.5721
931	17.5721	19.3478
932	17.5673	0.574951
933	19.425	17.5673
934	1.35995	8.37969
935	7.18337	3.83927
936	16.1618	7.17878
937	6.60804	12.339
938	3.85562	11.5832
939	11.5832	16.1444
940	14.4335	14.6236
941	7.18811	9.2197
942	3.36111	2.902
943	17.098	3.36111
944	2.95023	16.5788
945	16.5875	17.0154
946	4.56863	16.2096
947	8.41886	18.65
948	3.0825	8.56538
949	3.22965	6.51625
950	7.71654	0.514875
951	19.4851	7.71654
952	0.530556	7.7123
953	7.71482	19.4741
954	11.792	13.5008
955	6.66639	7.82
956	12.1914	6.68989
957	9.72009	12.3021
958	18.5004	13.7864
959	2.45469	1.58483
960	18.4152	2.45469
961	1.58483	17.5453
962	17.5453	18.4152
963	6.88895	5.33492
964	14.6651	6.88895
965	13.5787	9.53019
966	3.99387	8.23328
967	4.55646	7.87348
968	3.42501	2.1391
969	17.8609	3.42501
970	2.07731	16.4836
971	16.4836	17.9227
972	8.44551	16.8611
973	9.46872	10.1678
974	2.40386	2.40534
975	17.5947	2.40386
976	2.44038	17.6597
977	17.5884	17.605
978	5.0728	11.4202
979	11.4214	14.9233
980	9.07488	3.66736
981	16.3326	9.07488
982	7.98362	17.8665
983	2.14017	7.95772
984	10.767	7.05383
985	0.358594	14.2459
986	14.2033	19.4949
987	14.2459	0.358594
988	19.6495	14.2432
989	9.62794	14.443
990	0.479877	6.75974
991	6.74502	19.5253
992	6.74479	0.47432
993	19.5257	6.74479
994	13.819	18.567
995	12.659	2.54756
996	9.09781	9.22371
997	7.60247	12.8392
998	4.02066	11.0964
999	11.0964	15.9786
1000	1.83812	2.47926
1001	2.47537	18.22
1002	17.5207	1.83812
1003	18.1609	17.522
1004	11.5268	11.6531
1005	2.01234	9.79635
1006	9.81278	17.9766
1007	9.79635	2.01234
1008	17.9877	9.79635
1009	3.43522	12.3152
1010	12.4372	16.5298
1011	3.8941	10.0325
1012	4.36969	13.9521
1013	13.9576	15.6304
1014	6.14859	4.51636
1015	15.4836	6.14859
1016	6.6799	15.1346
1017	9.34795	4.90504
1018	15.0953	9.34811
1019	2.59358	14.3645
1020	13.3248	17.0092
1021	16.0097	11.0888
1022	1.94685	6.5411
1023	6.5411	18.0532
1024	6.54179	1.94625
1025	18.0538	6.54179
1026	12.1922	12.4516
1027	11.0885	3.98925
1028	9.21852	16.3171
1029	16.6223	12.3291
1030	12.3297	3.3866
1031	10.507	10.1372
1032	0.527976	10.0538
1033	10.0559	19.4733
1034	10.0538	0.527976
1035	19.472	10.0538
1036	10.4322	2.72236
1037	2.71628	10.4376
1038	10.4298	17.2817
1039	17.2776	10.4322
1040	2.58654	12.6315
1041	13.494	10.3619
1042	11.5306	9.77183
1043	12.3126	13.4604
1044	9.81663	8.41499
1045	5.62983	17.5198
1046	16.7235	1.06303
1047	18.937	16.7235
1048	1.06303	3.27651
1049	3.29974	18.9055
1050	12.2104	11.852
1051	7.36455	14.4367
1052	5.77196	8.17719
1053	8.96873	1.68232
1054	18.3177	8.96873
1055	7.75785	4.44965
1056	15.5504	7.75785
1057	10.8537	11.0128
1058	8.63248	4.37704
1059	15.623	8.63248
1060	10.3445	8.64014
1061	4.78504	13.5396
1062	13.54	15.2126
1063	9.30318	5.47181
1064	14.5441	9.29469
1065	2.97116	11.3987
1066	11.4864	17.0839
1067	11.4688	2.8986
1068	17.1014	11.4698
1069	13.3299	11.305
1070	7.66311	2.82463
1071	17.1754	7.66311
1072	7.72202	1.07602
1073	18.924	7.72202
1074	1.09475	7.693
1075	7.693	18.9053
1076	10.1724	9.48046
1077	8.08242	12.8738
1078	5.9129	13.5423
1079	13.5465	14.1035
1080	14.0227	13.6478
1081	8.15658	4.15362
1082	15.8464	8.15658
1083	6.88255	4.81211
1084	15.1879	6.88255
1085	3.81462	3.06565
1086	16.9343	3.81462
1087	3.09947	16.1415
1088	16.1422	16.8963
1089	13.3366	13.0299
1090	11.6705	7.50325
1091	11.385	1.43812
1092	1.44275	11.3887
1093	18.5619	11.385
1094	11.7542	18.7829
1095	7.66725	11.9922
1096	8.32798	15.8871
1097	11.2393	12.0647
1098	0.388028	5.76445
1099	5.84722	19.5464
1100	5.84712	0.453249
1101	19.5468	5.84712
1102	3.13269	3.84644
1103	16.1536	3.13269
1104	3.82101	16.8549
1105	16.8673	16.1536
1106	7.76627	5.03501
1107	8.41142	5.17027
1108	14.965	7.76627
1109	14.8303	8.41039
1110	2.26392	10.8104
1111	10.8104	17.7179
1112	10.81	2.26429
1113	17.7357	10.81
1114	7.36849	7.27492
1115	12.6967	7.3668
1116	13.095	17.8789
1117	5.74736	10.1743
1118	10.5381	14.4648
1119	3.15737	9.56163
1120	1.92565	14.393
1121	14.3469	1.85884
1122	10.4573	11.3798
1123	0.457242	11.2605
1124	11.2735	19.5364
1125	11.2605	0.457242
1126	19.5428	11.2605
1127	7.88048	9.77539
1128	14.3556	10.1709
1129	6.35728	13.9273
1130	2.95053	5.04668
1131	14.9531	2.9593
1132	17.0456	14.9608
1133	13.6276	2.53659
1134	17.5362	13.8092
1135	13.9056	11.3807
1136	7.99075	15.3561
1137	6.9566	8.28114
1138	11.3767	10.3305
1139	12.3922	17.3416
1140	4.99463	2.90326
1141	17.0967	4.99463
1142	1.72389	10.3517
1143	10.3222	18.3301
1144	10.3517	1.72389
1145	18.2761	10.3517
1146	7.99157	10.6381
1147	1.10278	13.664
1148	9.29667	11.493
1149	15.7858	11.7401
1150	10.1353	5.58531
1151	6.68736	1.07612
1152	18.9239	6.68736
1153	1.11465	6.68882
1154	6.67647	18.892
1155	10.5871	12.0682
1156	17.9721	13.0287
1157	11.8309	4.23807
1158	15.5092	3.79943
1159	3.79943	4.4908
1160	16.2006	15.5092
1161	11.7893	6.98598
1162	2.11244	3.91928
1163	16.0807	2.11244
1164	3.99194	17.9298
1165	17.8876	16.0807
1166	10.8769	12.9539
1167	3.91479	2.11495
1168	17.885	3.91479
1169	2.04425	16.0532
1170	16.0532	17.9557
1171	7.50289	18.1285
1172	7.27052	12.4874
1173	7.4891	8.31182
1174	9.42455	6.44873
1175	9.11063	18.2007
1176	5.15782	14.5926
1177	5.65397	4.20526
1178	15.7947	5.65397
1179	1.82071	9.08269
1180	1.86847	7.48376
1181	3.33119	15.0277
1182	15.0241	16.6824
1183	7.07005	2.61336
1184	17.393	7.06526
1185	8.09904	6.05051
1186	13.9289	8.10758
1187	13.2451	0.457937
1188	19.5423	13.2452
1189	0.429706	13.2516
1190	13.2825	19.5294
1191	3.46618	11.7717
1192	11.8042	16.5343
1193	9.76109	11.7941
1194	1.23719	1.7352
1195	1.7459	18.7706
1196	18.2648	1.23719
1197	18.7628	18.2648
1198	1.08874	5.10985
1199	5.07324	18.9432
1200	1.25054	5.91835
1201	5.9284	18.7268
1202	2.8698	4.28998
1203	4.30058	17.1118
1204	15.7103	2.8727
1205	17.1273	15.7103
1206	5.09932	1.07019
1207	18.9244	5.1116
1208	5.9311	1.2709
1209	18.7291	5.9311
1210	13.3394	1.06466
1211	18.9078	13.338
1212	13.392	18.9406
1213	6.15253	9.2563
1214	9.68954	5.76212
1215	14.1085	9.68806
1216	11.7561	8.36244
1217	10.0445	3.91482
1218	16.0854	10.0444
1219	15.1391	1.81298
1220	18.1795	15.108
1221	9.27945	0.402163
1222	19.5978	9.27945
1223	0.402163	9.27945
1224	9.23019	19.5709
1225	7.4604	1.84264
1226	18.1574	7.4604
1227	2.00954	13.482
1228	12.9675	12.58
1229	7.88226	11.1602
1230	9.60916	3.06525
1231	16.9348	9.60916
1232	1.64994	15.2232
1233	15.2097	18.3698
1234	6.99667	10.9077
1235	8.14523	13.7124
1236	11.5396	6.16816
1237	1.18482	12.6018
1238	12.5664	18.8332
1239	12.5597	1.09959
1240	18.9004	12.574
1241	6.33775	6.92186
1242	13.0781	6.33775
1243	7.64012	8.82623
1244	8.08193	8.90622
1245	18.2919	14.2907
1246	0.375088	15.2374
1247	15.2455	19.6255
1248	15.2502	0.37682
1249	19.6232	15.2502
1250	8.22765	6.85286
1251	12.7037	8.16988
1252	13.4926	2.00931
1253	18.0021	13.523
1254	11.2053	18.5634
1255	1.09681	11.7085
1256	11.7341	1.14541
1257	18.8546	11.7341
1258	6.02223	5.48659
1259	14.5134	6.02223
1260	6.74575	16.8203
1261	7.13057	17.3975
1262	4.2624	9.54015
1263	17.1788	12.3646
1264	4.89507	8.35711
1265	10.1886	10.4576
1266	2.20117	1.18747
1267	18.8125	2.20117
1268	1.18903	17.8
1269	17.7988	18.8125
1270	3.46122	9.08433
1271	14.3146	18.4978
1272	4.14997	8.72482
1273	8.66304	10.0996
1274	4.24206	2.77721
1275	17.2228	4.24206
1276	2.80897	15.6835
1277	15.6836	17.1904
1278	5.62385	16.7533
1279	5.47974	10.5469
1280	10.0985	14.2844
1281	7.81574	7.44346
1282	12.4406	7.78374
1283	8.33808	15.0073
1284	7.69273	16.2735
1285	11.0954	5.78257
1286	9.35166	2.73892
1287	17.2611	9.35166
1288	11.1089	4.81574
1289	11.3272	8.46749
1290	14.4678	11.9221
1291	15.1935	11.1282
1292	2.62913	2.81976
1293	17.1802	2.62913
1294	2.80197	17.3685
1295	17.3813	17.1828
1296	8.29037	8.13207
1297	9.02699	13.8448
1298	4.7867	10.243
1299	10.243	15.2133
1300	8.04673	1.95288
1301	18.0471	8.04673
1302	12.1513	9.9416
1303	13.0504	1.81733
1304	14.8105	13.2282
1305	7.60377	13.7093
1306	13.7822	17.2669
1307	10.59	14.9156
1308	2.71266	13.8254
1309	13.5655	18.0417
1310	13.1493	8.21139
1311	2.926	7.66453
1312	4.27711	10.5099
1313	10.5198	15.6993
1314	11.8344	10.9781
1315	10.1376	16.4182
1316	6.13965	3.38589
1317	16.6119	6.13699
1318	5.48008	8.95817
1319	7.43639	3.4527
1320	16.5567	7.43317
1321	5.9814	11.6679
1322	11.6512	14.0285
1323	12.4239	12.9397
1324	11.0591	6.72508
1325	2.63682	7.11321
1326	5.23801	7.55777
1327	1.73252	0.424762
1328	19.5752	1.73252
1329	0.410024	1.73782
1330	1.73	19.5809
1331	0.416903	18.2601
1332	18.2675	19.5752
1333	18.2622	0.410024
1334	19.59	18.2622
1335	0.47695	8.26799
1336	8.26885	19.5132
1337	8.25872	0.408459
1338	19.5915	8.25872
1339	8.77335	15.9158
1340	8.84088	12.4141
1341	9.67037	16.6856
1342	14.3609	11.0366
1343	5.24055	12.7124
1344	12.7125	14.7594
1345	12.6695	9.24401
1346	5.94246	6.2555
1347	13.7334	5.93601
1348	11.0415	8.97879
1349	2.54903	6.26342
1350	6.18864	17.4334
1351	8.93247	15.4075
1352	7.61212	17.0294
1353	9.59486	4.193
1354	15.807	9.59486
1355	8.13764	3.66686
1356	16.3331	8.13764
1357	7.83027	7.95285
1358	6.29721	2.62075
1359	17.3765	6.29167
1360	6.16539	8.46535
1361	6.48848	10.7605
1362	10.7413	13.4912
1363	2.13222	12.7185
1364	13.1822	2.77661
1365	9.84957	4.80278
1366	15.1994	9.84955
1367	10.5036	6.29251
1368	5.32086	4.53547
1369	15.4645	5.32086
1370	8.0913	14.477
1371	9.31297	10.5658
1372	3.80012	0.384496
1373	19.6746	3.84461
1374	0.377062	3.80011
1375	3.80878	19.5831
1376	0.384496	16.1999
1377	16.15	19.6728
1378	16.1953	0.378628
1379	19.6214	16.1953
1380	17.7802	14.3034
1381	10.1192	7.74953
1382	6.0715	1.73498
1383	18.265	6.0715
1384	10.1523	13.8408
1385	9.87764	7.10069
1386	7.23724	0.383007
1387	19.617	7.23724
1388	0.387761	7.23971
1389	7.23727	19.6142
1390	11.92	5.8359
1391	12.6404	11.6716
1392	3.63265	7.64346
1393	5.75042	10.9151
1394	12.3589	2.94143
1395	4.04037	13.1257
1396	13.1109	16.0373
1397	8.6686	7.84044
1398	1.72957	6.06838
1399	6.04649	18.2509
1400	4.97533	11.8509
1401	11.851	15.0242
1402	17.194	13.1733
1403	4.6697	8.8303
1404	4.19571	14.3603
1405	14.3603	15.8043
1406	5.36654	14.1577
1407	8.70668	6.15515
1408	13.8241	8.67584
1409	9.30639	1.1928
1410	18.8072	9.30639
1411	1.14627	9.34528
1412	9.75019	18.7869
1413	9.50987	9.04197
1414	7.17122	10.4795
1415	13.7977	1.10161
1416	6.54625	15.9746
1417	8.34049	12.5022
1418	2.37274	4.32931
1419	4.28518	17.6485
1420	15.6885	2.37089
1421	17.6291	15.6885
1422	8.86679	17.8259
1423	0.360658	12.8298
1424	12.8368	19.6197
1425	12.8293	0.377763
1426	19.6223	12.8293
1427	4.75121	12.7045
1428	12.7045	15.2488
1429	4.82731	3.36059
1430	16.6394	4.82731
1431	6.89856	14.4477
1432	12.4148	5.2287
1433	9.45755	13.1321
1434	11.1247	7.57644
1435	12.6525	4.14298
1436	4.63007	4.10276
1437	15.8972	4.63007
1438	4.11565	15.3823
1439	15.3843	15.8672
1440	13.179	13.8487
1441	13.0653	13.4114
1442	10.6911	8.16296
1443	5.14606	16.1561
1444	14.4979	13.9106
1445	1.1483	13.1329
1446	7.50401	9.63796
1447	6.06499	14.6286
1448	3.90614	13.6355
1449	13.8212	16.4895
1450	7.26712	15.798
1451	10.6456	9.71486
1452	14.3232	2.28519
1453	6.82344	13.2671
1454	1.06716	14.7319
1455	14.7109	18.9248
1456	14.786	1.12471
1457	18.9232	14.8627
1458	5.63329	2.29233
1459	17.7077	5.63329
1460	11.9625	7.87076
1461	9.54217	15.5272
1462	12.3736	11.2267
1463	2.56054	12.102
1464	6.1486	13.1743
1465	2.70738	9.34187
1466	8.92018	4.71682
1467	15.2832	8.9202
1468	9.38209	17.3193
1469	6.13242	10.1552
1470	2.64371	2.05334
1471	17.9467	2.64371
1472	2.05591	17.3886
1473	17.3932	17.9674
1474	10.3867	4.23594
1475	6.574	6.02898
1476	13.971	6.574
1477	15.8651	12.6516
1478	12.6561	2.06181
1479	15.7657	10.3865
1480	4.6595	0.376861
1481	19.625	4.64886
1482	0.37662	4.64985
1483	4.65951	19.6231
1484	7.41629	6.81515
1485	13.206	7.43344
1486	2.28361	5.63218
1487	4.66261	6.15532
1488	13.8615	4.66229
1489	12.004	2.60018
1490	17.4047	11.9717
1491	2.1561	4.85909
1492	4.86834	17.8459
1493	15.2954	13.8161
1494	11.2746	11.2869
1495	8.21853	7.269
1496	8.76934	13.2005
1497	3.64387	1.18899
1498	18.7695	3.56645
1499	1.18619	16.3568
1500	16.4337	18.77
1501	5.22645	5.52214
1502	14.4779	5.22645
1503	7.51418	14.9696
1504	3.52076	13.81
1505	13.6203	16.1146
1506	5.68122	17.9888
1507	6.79254	13.7066
1508	4.83237	11.0076
1509	11.0149	15.1544
1510	6.58791	4.49605
1511	15.504	6.58791
1512	1.48289	4.4562
1513	4.46405	18.4868
1514	15.5114	1.47534
1515	18.5236	15.5069
1516	4.47873	1.53457
1517	18.4852	4.49091
1518	8.19528	16.3481
1519	5.73025	3.26994
1520	16.7297	5.72991
1521	8.89056	16.7634
1522	0.886832	8.57534
1523	8.52461	19.0841
1524	8.51302	0.910376
1525	19.0896	8.51302
1526	8.41634	8.55747
1527	8.56616	2.4787
1528	17.5213	8.56616
1529	9.26137	8.40534
1530	0.404956	10.7742
1531	10.7918	19.5996
1532	10.7742	0.404956
1533	19.595	10.7742
1534	10.2186	12.8548
1535	5.43947	3.72209
1536	16.2779	5.43943
1537	7.67974	5.92434
1538	14.0714	7.68079
1539	4.23659	2.37094
1540	17.6291	4.23659
1541	2.31913	15.6913
1542	15.6913	17.6808
1543	10.9241	14.2415
1544	11.949	9.10122
1545	17.168	0.371027
1546	19.629	17.168
1547	0.371027	2.83203
1548	0.376091	17.184
1549	2.83203	19.629
1550	17.184	19.6239
1551	2.81596	0.376091
1552	19.6239	2.81596
1553	8.8634	8.6427
1554	5.3141	13.3401
1555	13.3423	14.6893
1556	1.5988	12.2605
1557	12.2256	18.3936
1558	12.2342	1.80507
1559	18.1294	12.229
1560	3.90571	9.097
1561	5.32317	12.1869
1562	12.1869	14.6767
1563	9.44462	13.6258
1564	14.4422	18.0705
1565	2.24904	8.44459
1566	13.819	17.6808
1567	13.6901	12.3204
1568	12.4688	8.57494
1569	13.0772	10.3526
1570	1.44797	14.3837
1571	4.88355	17.0308
1572	1.4019	7.46074
1573	7.46382	18.5976
1574	10.4943	5.38403
1575	4.88105	2.00087
1576	18.001	4.88489
1577	2.11726	15.1944
1578	15.1933	17.8903
1579	1.86718	13.0411
1580	2.13902	11.8078
1581	11.77	17.843
1582	11.847	2.1206
1583	17.8595	11.8419
1584	1.52042	0.904409
1585	0.886998	18.5088
1586	19.0956	1.52042
1587	18.4796	19.0956
1588	5.58312	11.3282
1589	11.3253	14.4114
1590	17.9321	12.6041
1591	2.46783	13.4748
1592	13.8137	13.2525
1593	2.9641	12.3571
1594	1.11898	10.5142
1595	10.4879	18.8606
1596	10.5142	1.11898
1597	18.881	10.5142
1598	8.46742	10.5015
1599	6.34999	8.87696
1600	6.77308	9.59214
1601	5.04368	10.6013
1602	8.93509	2.15532
1603	17.8447	8.93509
1604	8.11346	12.0694
1605	12.5953	10.8165
1606	8.95885	7.10852
1607	8.30425	11.3326
1608	9.90076	1.57534
1609	18.4247	9.90076
1610	1.61141	9.89429
1611	9.87631	18.3874
1612	11.7747	12.5592
1613	6.35998	11.4247
1614	1.04081	2.30286
1615	2.31998	18.9487
1616	17.6971	1.04081
1617	18.9592	17.6971
1618	16.0392	13.8577
1619	10.0303	11.0191
1620	4.39326	12.386
1621	12.386	15.6067
1622	5.15478	15.3379
1623	4.40425	6.57379
1624	7.60376	11.5848
1625	14.4091	1.44258
1626	7.47915	16.6265
1627	2.75337	13.052
1628	7.4665	1.36872
1629	18.6313	7.4665
1630	11.9806	17.4406
1631	4.54311	13.1351
1632	13.1401	15.452
1633	3.92145	5.96678
1634	14.0043	3.90591
1635	14.8324	14.4689
1636	6.39504	16.7899
1637	5.10403	17.4336
1638	9.15524	19.1772
1639	9.68588	0.34693
1640	19.6531	9.68588
1641	0.34693	9.68588
1642	9.67579	19.6386
1643	12.6025	17.905
1644	5.50732	6.0553
1645	13.9427	5.50661
1646	13.2878	5.17347
1647	5.98086	5.00257
1648	14.9974	5.98086
1649	10.2387	3.51886
1650	16.4812	10.2387
1651	18.9521	13.8411
1652	17.2222	13.5036
1653	1.77833	8.19081
1654	8.81792	10.8041
1655	1.17925	9.76841
1656	9.76457	1.16663
1657	18.8334	9.76457
1658	15.7299	13.491
1659	0.430873	0.413299
1660	0.430873	19.5867
1661	19.5867	0.430873
1662	19.5691	19.5867
1663	4.59622	5.14316
1664	14.8568	4.59617
1665	15.3809	14.8748
1666	14.6352	10.5136
1667	2.55107	14.9142
1668	14.9132	17.4431
1669	6.83527	8.83761
1670	7.91227	6.57695
1671	11.531	13.1338
1672	14.0641	2.55965
1673	3.58183	10.9057
1674	10.9024	16.4124
1675	10.8961	3.62176
1676	16.3782	10.8961
1677	3.52437	10.251
1678	12.2566	10.3914
1679	1.539	8.77439
1680	0.332456	13.7552
1681	13.75	19.6831
1682	13.7549	0.334162
1683	19.6684	13.7541
1684	2.38797	11.1863
1685	11.2032	17.6643
1686	11.1863	2.38797
1687	17.612	11.1863
1688	7.02498	16.545
1689	7.07367	15.2887
1690	8.45322	17.7951
1691	1.8914	10.7208
1692	10.7743	18.174
1693	10.7207	1.89145
1694	18.1085	10.7207
1695	8.1861	18.2127
1696	8.13857	2.3843
1697	17.6157	8.13857
1698	0.377152	5.37435
1699	5.39189	19.6069
1700	5.39185	0.392882
1701	19.6071	5.39185
1702	1.26304	3.70259
1703	3.80302	18.7478
1704	16.2974	1.26304
1705	18.737	16.2974
1706	3.45171	8.27246
1707	3.05406	8.15063
1708	8.83528	18.5073
1709	4.64199	9.27145
1710	5.3778	4.97896
1711	15.021	5.3778
1712	10.476	7.77048
1713	5.97606	6.65218
1714	13.3506	5.96585
1715	0.802823	9.08192
1716	9.05974	0.82187
1717	19.1781	9.05974
1718	8.83912	11.8526
1719	1.72513	1.88687
1720	18.1131	1.72513
1721	1.88957	18.287
1722	18.2747	18.1133
1723	13.4517	4.37604
1724	9.26156	18.7421
1725	14.0472	14.6708
1726	3.36747	6.94874
1727	13.2011	3.56928
1728	4.32724	4.45532
1729	15.5447	4.32724
1730	4.47072	15.7045
1731	15.7034	15.5439
1732	16.4607	13.1907
1733	5.19331	6.43188
1734	15.1057	12.4238
1735	11.0702	8.10669
1736	8.93273	4.07609
1737	15.9239	8.93273
1738	1.629	4.02413
1739	4.10111	18.3283
1740	15.9705	1.62774
1741	18.3546	15.9477
1742	8.41889	11.7103
1743	11.2576	5.35929
1744	11.7085	5.39688
1745	6.0665	4.07242
1746	15.9276	6.0665
1747	2.87634	15.1734
1748	15.1698	17.1225
1749	6.8785	11.4808
1750	1.68737	15.8811
1751	15.8849	18.3198
1752	12.9532	9.68904
1753	19.6836	6.26371
1754	6.26371	0.316375
1755	0.352296	6.23724
1756	6.26374	19.6836
1757	3.6548	5.57835
1758	3.23488	5.77639
1759	14.4301	3.65673
1760	14.2432	3.23452
1761	16.3644	14.4801
1762	16.8552	14.2673
1763	6.41409	3.01965
1764	16.9442	6.81128
1765	6.73616	6.62013
1766	13.3799	6.73616
1767	6.18267	16.1024
1768	3.18381	13.1711
1769	2.95422	2.97459
1770	17.0254	2.95422
1771	2.87925	16.9863
1772	17.0006	17.0924
1773	4.44499	10.9539
1774	10.9569	15.5481
1775	4.11558	1.69338
1776	18.3144	4.11008
1777	7.98064	17.0992
1778	10.0758	16.0118
1779	3.14237	14.43
1780	14.4071	16.8593
1781	13.425	7.90874
1782	3.73917	3.70087
1783	16.2991	3.73917
1784	3.70631	16.2727
1785	16.2577	16.2964
1786	13.8567	18.98
1787	11.7303	10.6487
1788	15.2393	2.23403
1789	17.7561	15.2386
1790	4.31933	7.33051
1791	14.6143	14.9838
1792	14.3163	13.145
1793	3.18555	11.0581
1794	11.0737	16.833
1795	11.0737	3.16699
1796	16.833	11.0737
1797	4.05442	5.19395
1798	14.806	4.05442
1799	15.9456	14.806
1800	6.04499	12.4628
1801	12.4922	13.9852
1802	2.1576	8.86953
1803	6.39375	9.53437
1804	10.6505	8.89337
1805	8.19489	3.14886
1806	16.8511	8.19489
1807	8.60998	6.69718
1808	13.3315	8.6142
1809	13.0647	8.9384
1810	14.5913	12.337
1811	10.5684	12.6816
1812	13.1171	12.2308
1813	0.935647	0.384856
1814	0.384856	0.935647
1815	0.935647	19.6151
1816	0.384856	19.0644
1817	19.6151	0.935647
1818	19.0644	0.384856
1819	19.0644	19.6151
1820	19.6151	19.0644
1821	8.09253	1.1808
1822	18.8192	8.09253
1823	13.7378	12.735
1824	14.8701	13.6576
1825	12.9884	1.32411
1826	18.7314	12.9747
1827	13.0027	18.7439
1828	1.94128	3.17194
1829	16.8281	1.94128
1830	3.27064	18.0417
1831	18.0587	16.8281
1832	8.66769	13.5583
1833	8.28013	14.1536
1834	12.2656	4.79517
1835	11.5018	3.96165
1836	13.0244	16.6067
1837	16.0746	11.4679
1838	6.64021	2.33869
1839	17.6729	6.65385
1840	0.927262	10.0998
1841	10.0919	19.0551
1842	10.0992	0.925158
1843	19.0748	10.0992
1844	5.51202	9.86655
1845	10.3138	9.05943
1846	2.32891	6.65355
1847	6.63368	17.6642
1848	10.3034	4.6576
1849	15.145	12.9605
1850	8.22138	9.31363
1851	0.85951	1.5132
1852	1.58068	19.1619
1853	18.4868	0.85951
1854	19.1405	18.4868
1855	1.49738	12.9596
1856	9.55791	10.9723
1857	13.6857	5.12125
1858	14.7052	11.2572
1859	14.75	0.291349
1860	19.7087	14.75
1861	0.309819	14.7408
1862	14.735	19.6739
1863	6.9627	7.44586
1864	12.5499	6.99036
1865	11.7889	6.55475
1866	3.30988	5.01321
1867	14.9867	3.31144
1868	16.7017	14.9853
1869	15.3576	10.3054
1870	13.1113	17.3254
1871	2.52865	5.06556
1872	14.9507	2.53981
1873	17.4548	14.9667
1874	3.48788	9.88542
1875	13.0446	4.8639
1876	7.4079	13.9722
1877	8.74035	14.2753
1878	6.82654	3.05643
1879	16.9854	6.40634
1880	0.338348	10.3738
1881	10.3766	19.6625
1882	10.3738	0.338348
1883	19.6617	10.3738
1884	12.0506	8.68078
1885	6.30852	15.3555
1886	9.29147	15.3138
1887	5.71046	17.1329
1888	4.67348	0.780546
1889	19.1888	4.69047
1890	0.816126	4.69161
1891	4.67125	19.2205
1892	6.36098	14.9023
1893	9.43818	3.41015
1894	16.5899	9.43818
1895	15.2034	0.801363
1896	19.1904	15.2476
1897	0.776071	15.1602
1898	15.2227	19.174
1899	6.69512	14.1279
1900	9.32586	7.68283
1901	15.6455	1.01534
1902	18.9913	15.6542
1903	0.990043	4.33251
1904	4.1163	19.0875
1905	0.912537	15.8837
1906	15.659	18.996
1907	4.1163	0.912537
1908	19.01	4.33251
1909	12.0859	0.396186
1910	19.6038	12.0859
1911	0.39517	12.0858
1912	12.0851	19.6015
1913	11.7967	3.29975
1914	10.376	13.5809
1915	12.2776	4.41359
1916	6.00336	7.3261
1917	12.6757	6.00587
1918	1.54334	15.587
1919	15.5761	18.5385
1920	6.72795	3.79281
1921	16.2086	6.72095
1922	5.89435	15.6369
1923	11.3871	13.6446
1924	16.75	0.28403
1925	19.716	16.75
1926	3.31435	0.397394
1927	19.609	3.32508
1928	0.295306	3.2599
1929	0.397394	16.6857
1930	3.25	19.716
1931	16.6744	19.6088
1932	16.7057	11.796
1933	9.88329	7.99154
1934	6.21588	5.94232
1935	14.0558	6.21481
1936	2.12618	0.355344
1937	19.6447	2.12618
1938	0.359125	2.11491
1939	2.11334	19.6391
1940	0.355344	17.8738
1941	17.8738	19.6447
1942	17.8851	0.359125
1943	19.6409	17.8851
1944	7.26604	6.10059
1945	13.8988	7.26578
1946	2.9009	1.40111
1947	3.24902	1.62512
1948	18.5989	2.9009
1949	18.369	3.23796
1950	1.59287	16.7345
1951	1.40111	17.0991
1952	17.0991	18.5989
1953	16.7418	18.3922
1954	6.90689	10.1193
1955	3.79439	14.9317
1956	14.9316	16.2051
1957	6.90332	16.0693
1958	1.07532	6.2706
1959	5.97932	19.1028
1960	0.750723	13.9955
1961	14.0249	0.724329
1962	5.03901	3.74065
1963	16.2594	5.03901
1964	8.91252	14.6551
1965	5.97893	0.89577
1966	19.1042	5.97893
1967	3.49709	14.2277
1968	3.98652	12.5914
1969	12.6	15.9729
1970	3.03507	2.03842
1971	17.9607	3.03349
1972	2.09451	16.9369
1973	16.9379	17.9062
1974	0.898178	10.8586
1975	10.8619	19.0586
1976	10.8586	0.898178
1977	19.1018	10.8586
1978	8.58233	4.79529
1979	15.2048	8.58223
1980	16.4863	13.6224
1981	13.6474	3.44514
1982	12.42	16.9237
1983	4.5981	6.97185
1984	5.52886	6.80018
1985	11.007	4.37095
1986	18.1404	14.619
1987	9.56924	15.9119
1988	15.6322	11.0156
1989	17.2174	0.790342
1990	19.2097	17.2174
1991	0.790342	2.78257
1992	0.745476	17.2357
1993	2.78738	19.2047
1994	17.2357	19.2545
1995	2.76434	0.745476
1996	19.2545	2.76434
1997	15.5472	12.3604
1998	0.831865	1.03365
1999	18.9663	0.831865
2000	0.844028	18.9736
2001	19.1681	18.9663
2002	14.2236	16.5052
2003	9.83955	3.44482
2004	16.5552	9.83955
2005	5.90856	2.5469
2006	17.4518	5.90684
2007	2.53729	5.91712
2008	13.6765	16.8397
2009	8.6543	9.37702
2010	5.76964	12.0827
2011	12.0828	14.2392
2012	9.28992	1.89379
2013	18.1062	9.28992
2014	11.6059	11.255
2015	14.1341	11.7985
2016	9.57431	8.73436
2017	14.6934	11.6903
2018	5.09014	8.75697
2019	10.6476	4.93081
2020	9.34354	7.31415
2021	5.78575	9.26706
2022	1.43999	9.11388
2023	5.05423	2.50497
2024	17.495	5.05423
2025	12.6859	8.84872
2026	8.71472	15.039
2027	11.6737	9.3182
2028	4.44039	3.43904
2029	16.561	4.44039
2030	3.45989	15.5568
2031	15.5563	16.5412
2032	12.2899	9.29792
2033	0.777348	5.99632
2034	1.87767	14.8601
2035	14.8667	18.1278
2036	6.25473	1.07658
2037	18.9234	6.25473
2038	15.0987	1.44151
2039	18.56	15.1106
2040	15.0786	10.6479
2041	6.25214	18.9163
2042	4.29246	3.80291
2043	16.1971	4.29246
2044	3.81602	15.7009
2045	15.7075	16.1934
2046	3.00767	6.87153
2047	5.51577	15.0306
2048	11.6268	4.70581
2049	10.9301	9.48151
2050	0.840113	12.1181
2051	12.1187	19.1734
2052	12.1241	0.883584
2053	19.1164	12.1264
2054	13.5477	2.95926
2055	9.08507	7.96609
2056	10.0635	11.4545
2057	10.1466	6.45427
2058	9.40483	14.0425
2059	9.55322	4.55517
2060	15.445	9.55322
2061	9.01587	12.8903
2062	3.04926	3.38489
2063	16.6151	3.04926
2064	3.48463	17.2922
2065	16.9402	16.5953
2066	9.6415	17.0481
2067	15.6869	14.1571
2068	12.7568	5.58884
2069	8.94248	5.51363
2070	14.5012	8.90953
2071	8.0173	18.7029
2072	5.33505	15.7243
2073	4.30369	5.86384
2074	14.1017	4.29519
2075	6.55391	8.21347
2076	16.5674	6.98643
2077	0.884233	16.6075
2078	16.6069	19.1275
2079	3.39247	0.884233
2080	19.1275	3.39308
2081	9.1115	10.1276
2082	14.356	12.7051
2083	14.007	10.8963
2084	13.9038	10.433
2085	6.47561	10.3381
2086	5.57429	7.22708
2087	2.37553	3.17762
2088	2.56939	3.55302
2089	3.19626	17.5967
2090	16.8224	2.37553
2091	16.447	2.56939
2092	17.6262	16.8228
2093	17.4306	16.447
2094	6.20609	11.0083
2095	10.982	13.8008
2096	13.4413	12.0613
2097	10.6906	7.49119
2098	11.8597	11.7971
2099	1.29972	8.01175
2100	11.4547	12.3891
2101	17.3191	14.1378
2102	5.48701	7.94173
2103	12.0736	5.46693
2104	6.50325	13.1128
2105	5.52237	16.403
2106	9.27453	4.02579
2107	15.9742	9.27453
2108	4.25	0.261976
2109	19.7408	4.25009
2110	0.261976	4.25
2111	4.25	19.738
2112	0.261976	15.75
2113	15.7212	19.7383
2114	15.75	0.261976
2115	19.738	15.75
2116	9.70141	6.20155
2117	11.7084	0.304796
2118	19.6952	11.7084
2119	0.304593	11.7084
2120	11.7099	19.6907
2121	8.61385	2.91846
2122	17.0815	8.61385
2123	3.22184	13.5802
2124	7.39469	4.25186
2125	15.7482	7.39436
2126	3.84914	14.5003
2127	14.4997	16.151
2128	8.66247	7.43658
2129	6.28202	3.75596
2130	16.2441	6.27969
2131	12.5909	12.5808
2132	4.79937	14.9004
2133	4.88361	7.67995
2134	2.04078	1.59385
2135	18.4061	2.04078
2136	1.59658	17.9632
2137	17.9592	18.4062
2138	14.4846	0.725017
2139	19.2603	14.489
2140	0.712297	14.4564
2141	14.5034	19.2451
2142	10.0519	12.1214
2143	3.26609	4.27316
2144	15.7269	3.26624
2145	4.27885	16.7223
2146	16.7338	15.7269
2147	14.9021	15.2001
2148	5.3865	1.83549
2149	18.1639	5.38916
2150	7.38955	2.32703
2151	17.6742	7.38859
2152	15.8612	10.7439
2153	13.1906	5.54623
2154	6.10239	7.70679
2155	12.2913	6.16579
2156	4.22246	11.6589
2157	11.6589	15.7774
2158	1.83915	5.33142
2159	5.33752	18.1828
2160	10.7444	4.13906
2161	1.40053	2.51744
2162	2.511	18.5955
2163	17.4826	1.40053
2164	18.5993	17.4827
2165	3.35039	7.43045
2166	1.92057	9.44982
2167	9.44982	18.0794
2168	10.5816	10.5976
2169	10.2721	6.96326
2170	0.803007	13.2834
2171	7.73998	14.5762
2172	13.6066	9.89837
2173	9.36796	9.77414
2174	5.55433	5.67653
2175	14.3188	5.55288
2176	9.26578	14.6617
2177	13.4687	11.6861
2178	5.44656	1.36077
2179	18.6371	5.45151
2180	14.5317	14.2772
2181	5.77211	1.93834
2182	18.0616	5.77249
2183	4.23108	3.16543
2184	16.8346	4.23108
2185	3.19615	15.7502
2186	15.7502	16.8031
2187	13.112	4.03744
2188	10.3041	9.81513
2189	15.3157	11.6139
2190	3.70815	7.94715
2191	4.8474	16.4855
2192	7.25107	5.12541
2193	14.8746	7.25107
2194	16.0176	13.1021
2195	5.73414	8.5741
2196	6.85335	6.26792
2197	13.7321	6.85334
2198	12.4354	3.76758
2199	1.62846	6.71572
2200	6.71518	18.3719
2201	10.7656	6.5254
2202	16.537	0.648545
2203	19.3515	16.537
2204	0.650487	3.4641
2205	3.4616	19.3873
2206	1.37901	5.43666
2207	5.44912	18.649
2208	6.7154	1.6228
2209	18.3772	6.7154
2210	7.23283	13.0775
2211	16.2094	12.3907
2212	3.53183	2.52969
2213	17.4703	3.53183
2214	2.49824	16.7279
2215	16.7319	17.4914
2216	1.93396	5.76359
2217	12.6881	13.3179
2218	6.99446	3.43607
2219	9.78299	10.31
2220	3.283	16.915
2221	6.71332	14.76
2222	5.14727	13.7681
2223	13.7543	14.8573
2224	19.2803	14.0398
